0,1.0667261822916156,0.010260256137897349,1.4723800646961196,0.11671865830821603,0.0025815163148638232,0.1657239146317404,0,0,0,0,0.00023364377297430784,1.1121753221198323e-05,0,0,0,4.01966615280301e-05,0,0,0,0,2.0456574528751375e-06,2.0055263277163407e-05,2.358670169626627e-05,9.836019726511207e-06,0,0.00026519199286359474,0.012497007592665199,1.9050572851748868e-05,0.00048197745950092583,0,0.022652100322180953,0,0.7841035507095231,0.0007217899059040663,0.004747197102326852,0.014603053173099541,5.319546404535874e-05,0.002317368457509647,0,0.00017969335538373975,0,0,2.364203003310577e-06,7.989029966782019e-05,0,0,0,0,0,0,0,0,0,0,0,0,0,0,0,0,0,0,0,0,0,0,0,0,0,0,0,0,0,0,0,0,0,0,0,0,0,4.702242730418353e-06
1.0667261822916156,0,7.194700323879803e-05,0,0.8436129421465665,0.0031024611310784926,0.16149296645009356,7.413780941463202e-05,0,0,0,0,0,0,0,0,6.089261588098059e-05,0,0,0,0,0,2.3697183000689644e-06,1.2931799429726414e-05,0,0,0,0,0,2.3392468504832113e-05,0,0.0006763704589467698,0,0.00774316319324742,0.005386188545152384,0.01575663020084874,0.010070003154182864,0.0004209879131451496,0.0001747953190530047,3.3880870754218966e-06,0,1.0087118837541805e-05,0,6.193673991054881e-06,0,0,0,6.970990674140947e-05,4.8894033193377534e-05,0,0,0,0,0,0,0,0,0,0,0,0,0,0,0,0,0,0,0,0,0,0,0,0,0,0,0,1.3086718041171922e-05,0,0,0,0,0,0.0006545776615999488
0.010260256137897349,7.194700323879803e-05,0,0.12559034215764406,0,0,0.1738234391348596,0.01991119616325807,0,0,0,0,0,0,0,0,0,0,0,0,0,0,0,0,2.048695763657784e-06,0,0,4.785412467656228e-05,5.194998421546101e-06,1.6098000804305425e-05,0,1.4724188317575104e-05,0,0,0.0012066780358622755,0.006230132108747755,0.0038402833998508307,7.913090521365872e-05,0.0014109202210626371,0,0,6.090691601448346e-06,1.4259282233583067e-05,0.00017423615398473152,0.0006071164348286722,0,0,0.00025084843841652007,0.0005341618551687018,0,0,0,0,0,0,0,0,0,0,0,0,0,0,0,0,0,0,0,0,0,0,0,0,0,0,1.0511195632867062e-06,6.798054928039013e-05,0,0,0,0,0,8.015958059127589e-05
1.4723800646961196,0,0.12559034215764406,0,0,0,0,0.28722613042009504,0,0,0,0.8875660447909822,0.00047158446651798764,3.4260540543579455e-05,0,0,0,0,0,0,0,0,0,0,1.0161613536526483e-05,0,0.0001439145105834123,0.0025414765860912805,0,0,0,4.981849501872169e-05,0,0,0.00011544937134583688,0.0028148600279018885,0.0021168877000974622,0,0.003997539769369203,0,1.8076767829297676e-05,0.0005397204331463966,1.198891229477564e-05,0.0021033625019311482,0.20471020324301575,0,0,0.00015907836859988276,0.004199054223302288,0,0,0,0.02593049499734774,3.0835051355838844e-05,5.1084496453039015e-06,0,0,0,0,0,0,0,0,0,0,0,0,0,0,0,0,0,0,0,0,0,0.0016472526434298613,0,0,0.00067298144511429,0,0,0
0.11671865830821603,0.8436129421465665,0,0,0,0.6826394465846712,0.7000058418330384,0.0020738017440349106,0.0002376625269292657,0.00020555118033123004,0,0,0,0,0,0,0.0007911795909886607,0,9.686083477212407e-05,0,0,0,0,0,0,0,0,0,0,6.668898859261932e-05,2.930966928907502e-05,0.00045794304589370967,0,0.09654670849716633,0.005832377487838989,0.00736367549360913,0.009033384851838655,0.00011825943549194393,0,0,0,0,4.893851483765237e-06,0,0,0,0,0.00010593298913700614,0.00022218356358864232,0,0,0,0,0,0,0,0,0,0,0,0,0,0,0,0,0,0,0,0,0,0,0,0,0,0,0,0,0,0,0,0,0,0.000561288749271136
0.0025815163148638232,0.0031024611310784926,0,0,0.6826394465846712,0,0.13130259638332914,0.005566745105110501,0.08589083036080218,1.0265726017689851,0,0,0,0,0,0.0006812240488469359,0.002052945012543543,1.2822964794399947e-05,0.0001532319905338385,0,0,0,0,0,0,0,0,0,0,2.1234330103077902e-05,1.1700816120721215e-05,0.008423872218142373,0,0.8595711577631436,0.0007257416473069763,0.000310215220726544,0.003275335642730149,0,0,0,0,0,0,0,0,0,0,1.567979982745387e-05,0.0006295725112952837,6.4535307641315285e-06,0,0,0,0,0,0,0,0,0,0,0,0,0,0,0,0,0,0,0,0,0,0,0,0,0,0,0,0,0,0,0,0,2.7186055405984824e-05
0.1657239146317404,0.16149296645009356,0.1738234391348596,0,0.7000058418330384,0.13130259638332914,0,0.2377196344757372,0.14464884169797498,0.0017691304619453082,0,0,0,0,0,0,2.0821849138767915e-05,3.335942998314849e-05,0.0008551634813231563,0,0,1.7661218901538772e-06,1.3639539399216029e-05,0,0,0,0,1.91649478149184e-05,5.199073210725938e-05,0.00018089385840876747,0.00011640658914945085,0,0,0,0.013043714501172192,0.0305278972354213,0.014829283496120671,0.0009942911844972135,0.0010324936542273546,0,0,2.7183322523729004e-05,6.783924000675301e-05,0.0001298381183826557,6.175236880465454e-05,0.00014185982292074946,5.715123979156662e-05,0.0039631244537648175,0.0050970744425977285,0.00022075281852898087,0,0,0,0,0,0,0,0,0,0,0,0,0,0,0,0,0,0,0,0,0,0,0,0,0,5.561126218845912e-05,8.64413808414746e-05,0,0,0,0,0,0.0011258900986656406
0,7.413780941463202e-05,0.01991119616325807,0.28722613042009504,0.0020738017440349106,0.005566745105110501,0.2377196344757372,0,0.7607307691389834,0.04201792830836765,0.10979637363201232,0.4157949940095392,0.7717226122645408,0.12087747138547394,0.001931464598539044,0,0,4.2340969240911405e-05,2.27913753855667e-05,0.005100012889793467,3.0181868908670876e-05,0,0,2.6568624574502162e-06,0,7.93541721631687e-06,0,0,0,0,8.837166903049087e-06,0,0,9.241673670124195e-05,0.020748618758574082,0.01645863091367678,0.022490628124050952,0.00530318395718008,0.00018461483755990134,4.554542585891109e-06,0,0,0.00012129703227476266,0.0006051572409813463,0.0034499933824026735,0.00023845563924585142,0.0006117920159886295,0.005610328324848457,0.09004615190476464,0.003064653234071708,0.0017025447165635213,0.001095582849972293,0.011821740290885672,0.007320880870158419,0.0013670666299017689,5.029443572031424e-06,0,0,0,0,1.0647350242652092e-05,0,0,0,0,0,0,0,0,0,0,0,0,0,0,0.0009942143095973978,0.0011046735351253477,0.0005508959015167509,7.234358503917998e-05,8.349302675390527e-06,0,0,0.004397906174783679
0,0,0,0,0.0002376625269292657,0.08589083036080218,0.14464884169797498,0.7607307691389834,0,0.6874966782641496,0,0,0,0,0,0,2.241432547723765e-05,0.0005374448195108434,0.0024460286333803354,0,0,0,4.8545543345636765e-06,0,0,0,0,0,0.00013832071762060282,0.0001016398566039247,0,0,0,0,0.00018420841047395525,0.00020717011485437868,0.00012842324236320233,0,0,0,0,0,0,0,0,0,9.080052544273545e-06,8.738313775249329e-05,0.002849100780533205,0.0007904552200712076,0.00034955926451225866,4.291822164477155e-06,0,0,0,0,0,0,0,0,0,0,0,0,0,0,0,0,0,0,0,0,0,0,0,0,0,0,0,0,0,0,4.05878396633174e-05
0,0,0,0,0.00020555118033123004,1.0265726017689851,0.0017691304619453082,0.04201792830836765,0.6874966782641496,0,0.011706900558664194,0,0,0,0,1.3016692481680092,0.006154480533365076,0.000411675438777352,9.458071995444679e-05,0,0,0,0,0,0,0,0,0,0,0,6.215515081896489e-06,0.038447646638829096,0.004580202713641333,0.24273756957866685,0.009093158452742153,0.0023187386968454614,0.01584584662225812,0.007895523003309222,0,0,0,0,0,0,0,0,0,0,0.001498429363928937,9.220258164304927e-05,0.001964034333266161,0.0014730628116825493,0,0,5.343500310532246e-06,0,0,0,0,0,0,0,0,0,0,0,0,0,0,0,0,0,0,0,0,0,1.0013644289006387e-05,0,0,0,0,0,0.005035576186182674
0,0,0,0,0,0,0,0.10979637363201232,0,0.011706900558664194,0,0,0.0004128364165991874,0.9297479881348863,0,0.007987372157464588,0.00015604489191197837,0.001984180177066977,0,0.2950025945542648,0,0,0,0,0,0,0,0,0,0,0,9.143541567172715e-05,0,0,0.0027319479119738647,0.0001225937867361705,0.0007594929054234369,0,0,0,0,0,0,0,0,0,0,0,0.0019831313398864215,0,0.0015093696833322538,0.007219610245920607,0,0,0.0013848621312741855,0,0.00037582622857096977,7.790547797842148e-05,3.323947815298695e-05,0,0.0010646207786922056,0,0,0,0,0,0,0,0,0,0,0,4.244321424065796e-06,0,0,5.021106491053144e-05,9.356662295858147e-06,0,0,0,0,0,0.0012169827787589915
0.00023364377297430784,0,0,0.8875660447909822,0,0,0,0.4157949940095392,0,0,0,0,0.15844861387917306,0.006851605689351835,0.0012638486696807737,0,0,0,0,0.0010808121519016336,0,0,0,0,0,0,9.961195921805355e-06,8.247387427335565e-05,0,0,0,0,0,0,0,0,0,0,0.0004504271633191697,0,0,2.235775187713982e-05,0,3.3821019250858056e-05,0.021400671719825973,0,0,5.426811821626807e-06,0.006471738212521947,0,0,0,0.32714512572376186,0.0029996758389990476,2.594814677461722e-05,0,0,0,0,0,3.0308608328460978e-05,0,0,0,0,0,0,0,0,0,0,0,0,0,0,0,0,0,0,0.00021089053670096984,0,0,0
1.1121753221198323e-05,0,0,0.00047158446651798764,0,0,0,0.7717226122645408,0,0,0.0004128364165991874,0.15844861387917306,0,0.17601354313114134,0.0059801664167717745,0,0,0,0,0.005323013556947792,2.9263728727459833e-05,0,0,0,0,0,0,0,0,0,0,0,0,0,1.7165127778641047e-05,0,1.2581555795472551e-05,0,1.584048156022053e-05,7.0435800796981585e-06,0,0,0,0,0,0,0,0,0.010678718544756854,0,0,0,0.024147003683184357,0.42048946307324436,0.00301511904316645,0,0,0,0,0,0.00034890778048439724,0,0,0,0,0,0,0,0,0,0,0,0,0,0,1.8346615085671168e-05,0,0,0,0,0,0,0
0,0,0,3.4260540543579455e-05,0,0,0,0.12087747138547394,0,0,0.9297479881348863,0.006851605689351835,0.17601354313114134,0,0.1682060765782389,0,0,0,0,0.08510467216962138,0.0001262243315897852,0,0,0,0,0,0,0,0,0,0,0,0,0,1.0739992883543398e-05,0,0,0,3.4161732681008867e-06,1.957859195471728e-05,0,0,0,0,0,0,0,0,0.0020068797349561684,0,0,0.0012462909917860625,0.0005064932088425745,0.011403635414692003,0.41613529354354134,0.003999119888934962,0,0,0,0,0.004241098271561424,0,0,0,0,0,0,0,0,0,0,0,0,0,0,0,0,0,0,0,0,0,0
0,0,0,0,0,0,0,0.001931464598539044,0,0,0,0.0012638486696807737,0.0059801664167717745,0.1682060765782389,0,0,2.64887907225307e-05,0,0,1.2777671223112015,0.005369927910425536,0.006520468456418221,0,0.8963440938707172,9.990819215896847e-05,0.008124027869560008,0.0006672142186414441,0,0,0,0,0,0,0,0.00038375356883106897,0,0,0,0,0.008693867459990989,0,0,0,0,0,0,0,0,1.1816537384591622e-05,0,0,0,1.8021998002158974e-05,0.00011921095420378756,0.014857619546697258,0.20470404798725328,0,0,0,0,0.012391377326903916,0,0,0,0,0,0,0,0,0,0,0,0,0,0,0,0,0,0,0,0,0,0
0,0,0,0,0,0.0006812240488469359,0,0,0,1.3016692481680092,0.007987372157464588,0,0,0,0,0,1.1433509549313958,0.1041798729117944,0.0008265096170920905,0,0,0,0,0,0,0,0,0,0,1.2554306039135152e-05,1.016691779704433e-05,0.04244295985257942,0.0415474472537272,0.17111586664282985,0.00685138074196199,5.096448112417684e-05,0.014338118714964359,0.0060836521059453455,0,0,0,0,0,0,0,0,0,0,0,0,0,0.00023608169677940326,0,0,0,0,5.174875497789286e-05,5.017189914471502e-05,0,0,0,0,0,0,0,0,0,0,0,0,0,0,0,0,0,0,0,0,0,0,0,0,0.003916409409134449
4.01966615280301e-05,6.089261588098059e-05,0,0,0.0007911795909886607,0.002052945012543543,2.0821849138767915e-05,0,2.241432547723765e-05,0.006154480533365076,0.00015604489191197837,0,0,0,2.64887907225307e-05,1.1433509549313958,0,0.051084848047392266,0.7082888862413727,0.0008553950214882806,0,0,0,0,0,0,0,5.575744699206821e-06,0.00016252866228436082,0.027474679036515494,0.08788769542254006,0.3857350021030879,0.16086143996887423,0.06270741621750116,0.0009934804890335523,2.202553429491937e-05,0.008743963918183604,0.0005312652455953316,0,0,0,0,0,0,0,0,0,0,0,0,0,9.549182722595658e-06,0,0,0,0,0,8.50666851237302e-06,9.277164681032604e-05,0,3.225729185209164e-05,0,0,0,0,0,0,0,0,0,0,0,0,0,0,0,0,0,0,0,0,0,0.00010358326013427735
0,0,0,0,0,1.2822964794399947e-05,3.335942998314849e-05,4.2340969240911405e-05,0.0005374448195108434,0.000411675438777352,0.001984180177066977,0,0,0,0,0.1041798729117944,0.051084848047392266,0,1.727379262207306,0.19051678627909513,0.031053414947645654,0.0008517804171870822,0.13741557654295058,0.0003543879842782423,0.0006410760904931673,2.6692041210180838e-05,0,0,0.0003482250627496074,0.00021180097132359404,0,0.0028739202982681366,7.696041675458705e-06,0.00020888844059930862,0.007321777429959905,0,0.005179264673629645,0.0017769174715532993,0,0.00019087354380844027,1.0934119982337632e-05,0,0,0,0,0,0,0,0,0,0,6.479191270584641e-06,0,0,0,0,0,0,0.0008087507944061562,0,0.0026589872438429266,1.5114626517055996e-05,5.80230178161071e-06,1.0868549300171453e-05,0,0,0,0,0,0,0,0,0,0,0,0,0,0,0,0,0,0,0.002200215267012521
0,0,0,0,9.686083477212407e-05,0.0001532319905338385,0.0008551634813231563,2.27913753855667e-05,0.0024460286333803354,9.458071995444679e-05,0,0,0,0,0,0.0008265096170920905,0.7082888862413727,1.727379262207306,0,0.00022464557870689646,0,0,0.40155650430118256,0,0.003045515269623613,2.727658877037029e-05,0,1.4551973029073955e-05,0.01723212398995934,0.10812844144887335,0.10359456407051741,0.00429019761713811,0,6.911157951957383e-05,0.0008300225479365108,0,0.0035119634108468504,0.0007690469946043533,3.507015404109181e-06,0.0002247416463417334,1.6714790507293945e-05,0,0,0,0,0,0,0,0,0,0,0,0,0,0,0,0,0,1.699067991369246e-05,0,6.491961304886865e-05,0,0,0,0,0,0,0,0,0,0,0,0,0,0,0,0,0,0,0,0,0,2.6402874902632684e-05
0,0,0,0,0,0,0,0.005100012889793467,0,0,0.2950025945542648,0.0010808121519016336,0.005323013556947792,0.08510467216962138,1.2777671223112015,0,0.0008553950214882806,0.19051678627909513,0.00022464557870689646,0,1.201021878523426,0.19039276011649992,0.00021748776649411095,0.2364645370379141,1.6705274373155218e-05,0.002632506046526708,0.0004421511632568465,0,3.213817966195282e-05,1.2930751735593431e-05,0,0.0012107356705216906,0,0,0.00777294188648873,1.4053176459300996e-05,0.0011644630925100026,0.0003419972358823091,1.8143619641882823e-06,0.008234855676079421,0,0,0,0,0,0,0,0,1.0110068439559284e-05,0,0,0.0006455512925926725,7.684124437659236e-05,0.0006775502275569418,0.008103948714188498,0.013828810192783035,6.814069480102358e-06,1.868744290175327e-05,0.002435291450290414,0,0.08934917995679632,0.0011771576353257888,0.00044937747809646475,7.350425454654894e-05,3.295657982153626e-05,0,0,0,0,0,0,0,0,0,0,0.00015286198361845102,0,0,0,0,1.6508417660219674e-05,0,0.0009242734839133231
0,0,0,0,0,0,0,3.0181868908670876e-05,0,0,0,0,2.9263728727459833e-05,0.0001262243315897852,0.005369927910425536,0,0,0.031053414947645654,0,1.201021878523426,0,0.275001541506522,0.003667758037773532,0.018570969460648987,1.2481848950792643e-05,4.674056820295627e-05,0,0,0,0,0,4.476140237995582e-05,0,0,0.0005157929842972741,0,0,0,0,0.0006837915907987613,0,0,0,0,0,0,0,0,0,0,0,0,0,0,0,0,0,0,2.7810028416905383e-06,0,0.0025410234303459597,0.014785996350754843,0.0009896373068052507,1.8582549605460344e-05,9.2922192853191e-05,0,0,0,0,0,0,0,0,0,0,0,0,0,0,0,0,0,0
2.0456574528751375e-06,0,0,0,0,0,1.7661218901538772e-06,0,0,0,0,0,0,0,0.006520468456418221,0,0,0.0008517804171870822,0,0.19039276011649992,0.275001541506522,0,0.012594016532322993,0.43666018543108476,0.000346041569805507,0.0005050456978169864,0,0,3.3318860647814862e-06,4.654485081398057e-05,0,6.32692605107672e-05,0,0,0.0004926720162856665,0,4.167763921484399e-05,0,0,0.000977059908915774,0,0,0,0,0,0,0,0,0,0,0,0,0,0,0,0,0,0,0,0,0.0004396200974412521,0.012595346240022277,0.009888792783299422,0.0001487561013723558,0.008133038835016367,0,0,0,0,0,0,0,0,0,0,2.724166725829685e-06,0,0,0,0,0,0,0
2.0055263277163407e-05,2.3697183000689644e-06,0,0,0,0,1.3639539399216029e-05,0,4.8545543345636765e-06,0,0,0,0,0,0,0,0,0.13741557654295058,0.40155650430118256,0.00021748776649411095,0.003667758037773532,0.012594016532322993,0,0.08904520105387262,0.09082162255898787,0.0009472833592267677,5.700633889530822e-06,2.898581647896248e-05,0.2866882913680705,0.0439905034495308,0,0.0024828626059373925,0,1.8920454951531748e-05,0.0018430834851499024,0,0.0020645257575126834,9.904214144763446e-06,0,7.502095770898236e-05,3.302306406957074e-05,0,0,0,0,0,0,0,0,0,0,0,0,0,0,0,0,0,0,0,9.651210295093537e-05,5.103066493372061e-06,3.0571997672520867e-05,6.383456283133861e-05,0,0,0,0,0,0,0,0,0,0,0,0,0,0,0,0,0,0,1.8236139371774822e-05
2.358670169626627e-05,1.2931799429726414e-05,0,0,0,0,0,2.6568624574502162e-06,0,0,0,0,0,0,0.8963440938707172,0,0,0.0003543879842782423,0,0.2364645370379141,0.018570969460648987,0.43666018543108476,0.08904520105387262,0,1.2127013111300768,0.15052451273410467,0.00015448939405449095,7.38128066041862e-05,0.00021638844996049438,0.00038352178353321,0,0.00016950150519777542,0,0,0.0013932393202377173,0,0.0002878594925863137,0,0,0.009671670320112336,7.597691706132331e-06,0,0,0,0,0,0,0,0,0,0,0,0,0,0,0,0,0,0,0,0,7.541964720831302e-05,0.00016419749974453928,9.507337544262639e-06,0.035160742075327524,0,0,0,0,0,0,0,0,0,0,0,0,0,0,0,0,0,4.7849651706440836e-05
9.836019726511207e-06,0,2.048695763657784e-06,1.0161613536526483e-05,0,0,0,0,0,0,0,0,0,0,9.990819215896847e-05,0,0,0.0006410760904931673,0.003045515269623613,1.6705274373155218e-05,1.2481848950792643e-05,0.000346041569805507,0.09082162255898787,1.2127013111300768,0,1.6499650951144675,1.171245530717823,0.023540256154057672,2.8046047319911453,0.0005088682912158353,0,0,0,0,0.003287678851745256,0,2.7374825103514822e-05,2.4210105111524082e-05,2.4633866335831567e-05,0.04059637601861842,0.00814934154767168,0,0,0,0,0,0,0,0,0,0,0,0,0,0,0,0,0,0,0,0,0,0,0,0,0,0,0,0,0,0,0,0,0,0,0,0,0,0,0,0,0,2.686973752825523e-05
0,0,0,0,0,0,0,7.93541721631687e-06,0,0,0,0,0,0,0.008124027869560008,0,0,2.6692041210180838e-05,2.727658877037029e-05,0.002632506046526708,4.674056820295627e-05,0.0005050456978169864,0.0009472833592267677,0.15052451273410467,1.6499650951144675,0,0.22688208760826215,8.373919234181144e-05,0.0010031147642008554,0,0,0,0,0,9.160047016982631e-05,0,0,0,0,0.10989313639653574,0.00022576446202344111,0,0,0,0,0,0,0,0,0,0,0,0,0,0,0,0,0,0,0,0,0,0,0,0,0,0,0,0,0,0,0,0,0,0,0,0,0,0,0,0,0,0.0014923580359769144
0.00026519199286359474,0,0,0.0001439145105834123,0,0,0,0,0,0,0,9.961195921805355e-06,0,0,0.0006672142186414441,0,0,0,0,0.0004421511632568465,0,0,5.700633889530822e-06,0.00015448939405449095,1.171245530717823,0.22688208760826215,0,0.5788326230140581,0.0008391321717238121,0,0,0,0,0,0.0064961173489621596,4.211488458652255e-05,0.0003561001282983167,0,0.00010346618574663769,0.1755326270321882,0.4678867703998752,0,0,0,0,0,0,0,0,0,0,0,0,0,0,0,0,0,0,0,0,0,0,0,0,0,0,0,0,0,0,0,0,0,0,0,0,0,0,0,0,0,0.0002914055679249043
0.012497007592665199,0,4.785412467656228e-05,0.0025414765860912805,0,0,1.91649478149184e-05,0,0,0,0,8.247387427335565e-05,0,0,0,0,5.575744699206821e-06,0,1.4551973029073955e-05,0,0,0,2.898581647896248e-05,7.38128066041862e-05,0.023540256154057672,8.373919234181144e-05,0.5788326230140581,0,0.07290973925204743,0.10229008920281049,0,0.3149229419989913,0,0.006330443268635499,0.0047321480874004075,0.000153784126740434,0.011047940535358031,0.001185968008597364,0.0008983498137735839,0.004835530976814702,0.056052610562066014,0,0,0,4.900922261096508e-06,0,0,0,0,0,0,0,0,0,0,0,0,0,0,0,0,0,0,0,0,0,0,0,0,0,0,0,0,0,0,0,0,0,0,6.9346382040808245e-06,0,0,0.0002693119444298358
1.9050572851748868e-05,0,5.194998421546101e-06,0,0,0,5.199073210725938e-05,0,0.00013832071762060282,0,0,0,0,0,0,0,0.00016252866228436082,0.0003482250627496074,0.01723212398995934,3.213817966195282e-05,0,3.3318860647814862e-06,0.2866882913680705,0.00021638844996049438,2.8046047319911453,0.0010031147642008554,0.0008391321717238121,0.07290973925204743,0,3.078137282048297,0.002047946423271154,0.00025689426180133807,0,0,0.0017169067278439666,0,0.00025066963528095075,6.67032856270681e-05,3.5807228309403593e-05,0.007116421005360334,0.0008335842717850466,0,0,0,0,0,0,0,0,0,0,0,0,0,0,0,0,0,0,0,0,0,0,0,0,0,0,0,0,0,0,0,0,0,0,0,0,0,0,0,0,0,0
0.00048197745950092583,2.3392468504832113e-05,1.6098000804305425e-05,0,6.668898859261932e-05,2.1234330103077902e-05,0.00018089385840876747,0,0.0001016398566039247,0,0,0,0,0,0,1.2554306039135152e-05,0.027474679036515494,0.00021180097132359404,0.10812844144887335,1.2930751735593431e-05,0,4.654485081398057e-05,0.0439905034495308,0.00038352178353321,0.0005088682912158353,0,0,0.10229008920281049,3.078137282048297,0,0.5354396865765549,2.012726574744355,0,6.861487787545482e-05,0.0005410541063475401,0,0.0021768888711837836,0.0002565931916558351,2.2660114926865594e-05,0.001357125614009996,3.9757642189870995e-05,0,0,0,0,0,0,0,0,0,0,0,0,0,0,0,0,0,0,0,0,0,0,0,0,0,0,0,0,0,0,0,0,0,0,0,0,0,0,0,0,0,0
0,0,0,0,2.930966928907502e-05,1.1700816120721215e-05,0.00011640658914945085,8.837166903049087e-06,0,6.215515081896489e-06,0,0,0,0,0,1.016691779704433e-05,0.08788769542254006,0,0.10359456407051741,0,0,0,0,0,0,0,0,0,0.002047946423271154,0.5354396865765549,0,0.14927806443906683,0,0,0,0,0.0003132840980127578,0,0,0,0,0,0,0,0,0,0,0,0,0,0,0,0,0,0,0,0,0,0,0,0,0,0,0,0,0,0,0,0,0,0,0,0,0,0,0,0,0,0,0,0,0,9.612403757750568e-06
0.022652100322180953,0.0006763704589467698,1.4724188317575104e-05,4.981849501872169e-05,0.00045794304589370967,0.008423872218142373,0,0,0,0.038447646638829096,9.143541567172715e-05,0,0,0,0,0.04244295985257942,0.3857350021030879,0.0028739202982681366,0.00429019761713811,0.0012107356705216906,4.476140237995582e-05,6.32692605107672e-05,0.0024828626059373925,0.00016950150519777542,0,0,0,0.3149229419989913,0.00025689426180133807,2.012726574744355,0.14927806443906683,0,0.46056789072166177,0.2171075242949577,0.00034043941508626424,0,0.02021457141600926,3.0277795278388826e-05,7.129887579413248e-06,0.00015501105745815402,0.00014910090274948174,0,0,0,0,0,0,0,0,0,0,5.3919951794941105e-06,0,0,0,0,0,0,8.459392009463125e-06,0,1.383776239729002e-05,0,0,0,0,0,0,0,0,0,0,0,0,0,0,0,0,0,0,0,0,0,0
0,0,0,0,0,0,0,0,0,0.004580202713641333,0,0,0,0,0,0.0415474472537272,0.16086143996887423,7.696041675458705e-06,0,0,0,0,0,0,0,0,0,0,0,0,0,0.46056789072166177,0,0.22306481825389998,0,6.505981708179063e-06,0.0021883397258114904,0,0,0,0,0,0,0,0,0,0,0,0,0,0,0,0,0,0,0,0,0,0,0,0,0,0,0,0,0,0,0,0,0,0,0,0,0,0,0,0,0,0,0,0,0,0
0.7841035507095231,0.00774316319324742,0,0,0.09654670849716633,0.8595711577631436,0,9.241673670124195e-05,0,0.24273756957866685,0,0,0,0,0,0.17111586664282985,0.06270741621750116,0.00020888844059930862,6.911157951957383e-05,0,0,0,1.8920454951531748e-05,0,0,0,0,0.006330443268635499,0,6.861487787545482e-05,0,0.2171075242949577,0.22306481825389998,0,0,0,0.09729161821358899,0,0,0,0,0,0,0,0,0,0,0,0,0,0,0,0,0,0,0,0,0,0,0,0,0,0,0,0,0,0,0,0,0,0,0,0,0,0,0,0,0,0,0,0,0,0
0.0007217899059040663,0.005386188545152384,0.0012066780358622755,0.00011544937134583688,0.005832377487838989,0.0007257416473069763,0.013043714501172192,0.020748618758574082,0.00018420841047395525,0.009093158452742153,0.0027319479119738647,0,1.7165127778641047e-05,1.0739992883543398e-05,0.00038375356883106897,0.00685138074196199,0.0009934804890335523,0.007321777429959905,0.0008300225479365108,0.00777294188648873,0.0005157929842972741,0.0004926720162856665,0.0018430834851499024,0.0013932393202377173,0.003287678851745256,9.160047016982631e-05,0.0064961173489621596,0.0047321480874004075,0.0017169067278439666,0.0005410541063475401,0,0.00034043941508626424,0,0,0,0.7752169491966234,0.015490827030128863,0.024305990811051708,0.019179091143689733,0.30724410843192657,0.052948843371198186,0,0,8.464593686580517e-07,0,3.6510847612058415e-06,0,5.8397789126395844e-05,0.0008886214687052151,0,0,3.640695652681149e-05,0,0,0,0,0,0,0,0,9.309326873486407e-05,3.2109057323414293e-06,0,0,0,0,0,0,0,0,0,0,0,0,0,0.010919826253463785,5.1014579396062964e-05,0,0,0,0,0,0.462724435497178
0.004747197102326852,0.01575663020084874,0.006230132108747755,0.0028148600279018885,0.00736367549360913,0.000310215220726544,0.0305278972354213,0.01645863091367678,0.00020717011485437868,0.0023187386968454614,0.0001225937867361705,0,0,0,0,5.096448112417684e-05,2.202553429491937e-05,0,0,1.4053176459300996e-05,0,0,0,0,0,0,4.211488458652255e-05,0.000153784126740434,0,0,0,0,6.505981708179063e-06,0,0.7752169491966234,0,0.09866523220989123,0.03781190015101734,0.5244733615026282,0.0018914033229883393,0.0016480932887095899,0,1.1527740383996816e-05,4.510422053555784e-06,2.2331381586585223e-05,7.976563417088784e-06,0,0.00011288502681221076,0.0007028148031209614,0,0,5.343331918629702e-05,0,0,0,0,0,0,0,0,0,0,0,0,0,0,0,0,0,0,0,0,0,0,0,9.971110145652891e-05,0.0001111462513370529,0,0,1.4480268995440411e-05,0,0,0.025108685280480273
0.014603053173099541,0.010070003154182864,0.0038402833998508307,0.0021168877000974622,0.009033384851838655,0.003275335642730149,0.014829283496120671,0.022490628124050952,0.00012842324236320233,0.01584584662225812,0.0007594929054234369,0,1.2581555795472551e-05,0,0,0.014338118714964359,0.008743963918183604,0.005179264673629645,0.0035119634108468504,0.0011644630925100026,0,4.167763921484399e-05,0.0020645257575126834,0.0002878594925863137,2.7374825103514822e-05,0,0.0003561001282983167,0.011047940535358031,0.00025066963528095075,0.0021768888711837836,0.0003132840980127578,0.02021457141600926,0.0021883397258114904,0.09729161821358899,0.015490827030128863,0.09866523220989123,0,3.4930941690369868,0.08394006045517617,0.0001662130503868284,0.012515848767802425,0,0,1.6860297904667673e-06,2.2688190182243885e-05,0,0,0,0.00020023742104172457,0,0,0,0,0,0,0,0,0,0,0,0,0,0,0,0,0,0,0,0,0,0,0,0,0,0,0,0,0,0,6.855068959769181e-06,0,0,0.009449095157404766
5.319546404535874e-05,0.0004209879131451496,7.913090521365872e-05,0,0.00011825943549194393,0,0.0009942911844972135,0.00530318395718008,0,0.007895523003309222,0,0,0,0,0,0.0060836521059453455,0.0005312652455953316,0.0017769174715532993,0.0007690469946043533,0.0003419972358823091,0,0,9.904214144763446e-06,0,2.4210105111524082e-05,0,0,0.001185968008597364,6.67032856270681e-05,0.0002565931916558351,0,3.0277795278388826e-05,0,0,0.024305990811051708,0.03781190015101734,3.4930941690369868,0,0.005013185082763796,2.8273226473260167e-05,0.04925848849614453,0,0,0,0,0,0,0,4.2155447828681365e-06,0,0,0,0,0,0,0,0,0,0,0,5.535271224466086e-06,0,0,0,0,0,0,0,0,0,0,0,0,0,0,0,0,0,0,0,0,0,0.09828490317719221
0.002317368457509647,0.0001747953190530047,0.0014109202210626371,0.003997539769369203,0,0,0.0010324936542273546,0.00018461483755990134,0,0,0,0.0004504271633191697,1.584048156022053e-05,3.4161732681008867e-06,0,0,0,0,3.507015404109181e-06,1.8143619641882823e-06,0,0,0,0,2.4633866335831567e-05,0,0.00010346618574663769,0.0008983498137735839,3.5807228309403593e-05,2.2660114926865594e-05,0,7.129887579413248e-06,0,0,0.019179091143689733,0.5244733615026282,0.08394006045517617,0.005013185082763796,0,0.0003463758971192457,0.0021906905246559622,0,0,0,6.540212544433406e-05,0,0,0,0,0,0,0,0,0,0,0,0,0,0,0,0,0,0,0,0,0,0,0,0,0,0,0,0,0,0,1.7927293404876885e-05,4.0598421819376486e-05,0.00041317889941570635,0,0.00018494765030461328,0,0,0.0005796355808727822
0,3.3880870754218966e-06,0,0,0,0,0,4.554542585891109e-06,0,0,0,0,7.0435800796981585e-06,1.957859195471728e-05,0.008693867459990989,0,0,0.00019087354380844027,0.0002247416463417334,0.008234855676079421,0.0006837915907987613,0.000977059908915774,7.502095770898236e-05,0.009671670320112336,0.04059637601861842,0.10989313639653574,0.1755326270321882,0.004835530976814702,0.007116421005360334,0.001357125614009996,0,0.00015501105745815402,0,0,0.30724410843192657,0.0018914033229883393,0.0001662130503868284,2.8273226473260167e-05,0.0003463758971192457,0,0.5340031472845741,0,0,0,0,0,0,0,0,0,0,0,0,0,0,0,0,0,0,0,5.129059221945159e-05,0,0,0,0,0,0,0,0,0,0,0,0,0,0,0,0,0,0,0,0.0003876771296426299,0,0.0021794282528576976
0.00017969335538373975,0,0,1.8076767829297676e-05,0,0,0,0,0,0,0,0,0,0,0,0,0,1.0934119982337632e-05,1.6714790507293945e-05,0,0,0,3.302306406957074e-05,7.597691706132331e-06,0.00814934154767168,0.00022576446202344111,0.4678867703998752,0.056052610562066014,0.0008335842717850466,3.9757642189870995e-05,0,0.00014910090274948174,0,0,0.052948843371198186,0.0016480932887095899,0.012515848767802425,0.04925848849614453,0.0021906905246559622,0.5340031472845741,0,0,0,0,0,0,0,0,0,0,0,0,0,0,0,0,0,0,0,0,0,0,0,0,0,0,0,0,0,0,0,0,0,0,0,0,0,0,0,0,0,0,0.007596371361450607
0,1.0087118837541805e-05,6.090691601448346e-06,0.0005397204331463966,0,0,2.7183322523729004e-05,0,0,0,0,2.235775187713982e-05,0,0,0,0,0,0,0,0,0,0,0,0,0,0,0,0,0,0,0,0,0,0,0,0,0,0,0,0,0,0,1.1781732028296688,0.010026162832378225,1.8665331258065867,0.17216794874532743,0.004106997640009249,0.09697261865721532,0,0,0,0,0.00022326224856354128,0,0,0,0,0,0,0,0,0,0,3.7433973845163146e-05,7.272821781767566e-06,0,0,0.00027434063755441413,0.009495172701922338,1.937275651756825e-05,0.00010404604058777003,0,0.022394085606524033,0,0.630924384198727,0.0029710308048488733,0.00827160674122491,0.014341891734588802,0,0.003928216930780913,0,0,2.3941572449608773e-05
0,0,1.4259282233583067e-05,1.198891229477564e-05,4.893851483765237e-06,0,6.783924000675301e-05,0.00012129703227476266,0,0,0,0,0,0,0,0,0,0,0,0,0,0,0,0,0,0,0,0,0,0,0,0,0,0,0,1.1527740383996816e-05,0,0,0,0,0,1.1781732028296688,0,1.2394763815375842e-05,0,0.7090190991209252,0.002430715237804438,0.0760780965764258,0.0001757876710091553,0,0,0,0,0,0,0,0,0,0,0,0,0,0,0,0,0,0,0,0,0,4.5230848311146615e-05,0,0.0016381776128412723,0,0.004147104233994257,0.004527560029044757,0.009639523751424397,0.006585429918423313,0.0003552829401629869,1.6161444696472795e-05,2.4983431365499332e-06,0,0.00018710934200538937
2.364203003310577e-06,6.193673991054881e-06,0.00017423615398473152,0.0021033625019311482,0,0,0.0001298381183826557,0.0006051572409813463,0,0,0,3.3821019250858056e-05,0,0,0,0,0,0,0,0,0,0,0,0,0,0,0,0,0,0,0,0,0,0,8.464593686580517e-07,4.510422053555784e-06,1.6860297904667673e-06,0,0,0,0,0.010026162832378225,1.2394763815375842e-05,0,0.07688772110203196,0,0,0.13639280316741317,0.014862584336326947,0,0,0,1.2674532250682184e-05,0,0,0,0,0,0,0,7.727826034289637e-07,0,0,5.019265446403647e-06,9.800338393860848e-07,0,0,0,1.8147462451253705e-06,0,3.0727866230657106e-06,0,1.0077010713891893e-05,0,2.116716803086282e-06,0.0008126225352247672,0.0035960567985631902,0.0021498263911258783,3.5893634360047385e-05,0.0003959270172364114,0,0,1.4190021069041351e-05
7.989029966782019e-05,0,0.0006071164348286722,0.20471020324301575,0,0,6.175236880465454e-05,0.0034499933824026735,0,0,0,0.021400671719825973,0,0,0,0,0,0,0,0,0,0,0,0,0,0,0,4.900922261096508e-06,0,0,0,0,0,0,0,2.2331381586585223e-05,2.2688190182243885e-05,0,6.540212544433406e-05,0,0,1.8665331258065867,0,0.07688772110203196,0,0,0,0,0.18590850536166026,0,0,0,0.6643428096232638,0.0013308953466372713,7.190093215324199e-05,0,0,0,0,0,2.121846888815066e-05,0,0,0,0,0,0,0,9.243419517862031e-05,0,0,0,0,0,0,5.2491391522417185e-05,0.006615008146605686,0.000608583687148819,0,0.0043789708458071026,0,0,0
0,0,0,0,0,0,0.00014185982292074946,0.00023845563924585142,0,0,0,0,0,0,0,0,0,0,0,0,0,0,0,0,0,0,0,0,0,0,0,0,0,0,3.6510847612058415e-06,7.976563417088784e-06,0,0,0,0,0,0.17216794874532743,0.7090190991209252,0,0,0,0.6672968630423562,0.48372382671816316,0.0010871089637675372,0.0001045716725609519,0.00014592809989037438,0,0,0,0,0,0,3.0441387995136977e-05,0,9.356854012510517e-06,0,0,0,0,0,0,0,0,0,2.7281909346270455e-05,0.00031960134048453567,7.774115906181136e-06,0.000671461910149329,0,0.09351838802803085,0.005694097015838452,0.004221674893494203,0.006574692832723223,0.0004702160250888605,0,0,0,0.0002369897721129084
0,0,0,0,0,0,5.715123979156662e-05,0.0006117920159886295,9.080052544273545e-06,0,0,0,0,0,0,0,0,0,0,0,0,0,0,0,0,0,0,0,0,0,0,0,0,0,0,0,0,0,0,0,0,0.004106997640009249,0.002430715237804438,0,0,0.6672968630423562,0,0.282764474883381,0.004831084691448272,0.14180607645556467,0.892115761974418,0,0,0,0,0,0.00021032305212729776,0.0008282289219740926,0,9.641168607606828e-05,0,0,0,0,0,0,0,0,0,0.00011690700994275429,0.0008248372252600657,0.00011440424773250808,0.005227780416554299,0,0.6876795591046296,0.0012139185763602245,0.0019801319413850858,0.0008562783285233616,0,0,0,0,2.3462201849576052e-05
0,6.970990674140947e-05,0.00025084843841652007,0.00015907836859988276,0.00010593298913700614,1.567979982745387e-05,0.0039631244537648175,0.005610328324848457,8.738313775249329e-05,0,0,5.426811821626807e-06,0,0,0,0,0,0,0,0,0,0,0,0,0,0,0,0,0,0,0,0,0,0,5.8397789126395844e-05,0.00011288502681221076,0,0,0,0,0,0.09697261865721532,0.0760780965764258,0.13639280316741317,0,0.48372382671816316,0.282764474883381,0,0.25008026178351617,0.19776731477207046,0.0014825974050905102,0,0,0,0,0,0,0,0,0.00016887924386307815,0,0,0,4.634639785122482e-05,0,0,0,0,0,0.00028398054689520976,0.00043576527036912055,3.716136820465262e-05,0,0,8.880489168579486e-05,0.009424192879354408,0.021215261329469937,0.010674995094061763,0.0008478240010859274,0.0004776366762892138,0,0,0.00028103606822664907
0,4.8894033193377534e-05,0.0005341618551687018,0.004199054223302288,0.00022218356358864232,0.0006295725112952837,0.0050970744425977285,0.09004615190476464,0.002849100780533205,0.001498429363928937,0.0019831313398864215,0.006471738212521947,0.010678718544756854,0.0020068797349561684,1.1816537384591622e-05,0,0,0,0,1.0110068439559284e-05,0,0,0,0,0,0,0,0,0,0,0,0,0,0,0.0008886214687052151,0.0007028148031209614,0.00020023742104172457,4.2155447828681365e-06,0,0,0,0,0.0001757876710091553,0.014862584336326947,0.18590850536166026,0.0010871089637675372,0.004831084691448272,0.25008026178351617,0,0.6519751646266944,0.050082770823610706,0.11072267865972935,0.5216301812069701,0.5515864659460628,0.15458512626272936,0.0018169038253655631,0,0,1.5252516510070346e-05,2.494087780309843e-05,0.004573029060602586,7.16900471759365e-05,0,2.8408400740216645e-05,1.235149596178251e-05,0,1.7910577858444763e-05,0,3.454450319079404e-06,0,0,0,0,0,0.001121140277002927,0.01783637907152316,0.01921753286574802,0.020262536394042636,0.00707574478413048,0.00012977480535190589,4.343429236594229e-05,0,0.00418469584942278
0,0,0,0,0,6.4535307641315285e-06,0.00022075281852898087,0.003064653234071708,0.0007904552200712076,9.220258164304927e-05,0,0,0,0,0,0,0,0,0,0,0,0,0,0,0,0,0,0,0,0,0,0,0,0,0,0,0,0,0,0,0,0,0,0,0,0.0001045716725609519,0.14180607645556467,0.19776731477207046,0.6519751646266944,0,0.672486682379437,0,0,0,0,0,0,3.893725756894102e-05,0.0002199634152926848,0.0018988295092492939,0,0,0,5.282445418025835e-05,0,5.97858840438301e-06,0,0,0,0.0006619372781611667,0.0004414524413611162,1.9160949076842662e-05,0,0,0,0.00020159669840586074,0.002649047032258565,0.0002253989156031572,0,0,0,0,6.367610679592612e-06
0,0,0,0,0,0,0,0.0017025447165635213,0.00034955926451225866,0.001964034333266161,0.0015093696833322538,0,0,0,0,0,0,0,0,0,0,0,0,0,0,0,0,0,0,0,0,0,0,0,0,0,0,0,0,0,0,0,0,0,0,0.00014592809989037438,0.892115761974418,0.0014825974050905102,0.050082770823610706,0.672486682379437,0,0.01483276866475271,0,0,0,0,1.2927516946217643,0.008192554802170873,0.0001542561688606878,0.00010874314561944521,0,0,0,1.2763723043590498e-05,0,0,0,0,0,3.361428227061076e-05,7.615805618505385e-05,2.165181009455606e-05,0.0472373488240037,0.020240457628957566,0.36053252645701206,0.007098971580547486,0.010285889053679411,0.011154405327950423,0.00621729738353189,0,1.5192316437736321e-05,0,0.003722368426164475
0,0,0,0,0,0,0,0.001095582849972293,4.291822164477155e-06,0.0014730628116825493,0.007219610245920607,0,0,0.0012462909917860625,0,0.00023608169677940326,9.549182722595658e-06,6.479191270584641e-06,0,0.0006455512925926725,0,0,0,0,0,0,0,0,0,0,0,5.3919951794941105e-06,0,0,3.640695652681149e-05,5.343331918629702e-05,0,0,0,0,0,0,0,0,0,0,0,0,0.11072267865972935,0,0.01483276866475271,0,0,0.00010630259721244093,0.6042214425989173,0,0.01164615741256907,1.540806397708725e-05,0.0014787558442953823,0,0.11640340073141725,0,0,0,0,0,0,0,0,0,0,0,0,0,0,0.0013202272197331381,7.530138316701326e-05,0.00035256811686648897,0,0,0,0,0.0006610734154959857
0,0,0,0.02593049499734774,0,0,0,0.011821740290885672,0,0,0,0.32714512572376186,0.024147003683184357,0.0005064932088425745,1.8021998002158974e-05,0,0,0,0,7.684124437659236e-05,0,0,0,0,0,0,0,0,0,0,0,0,0,0,0,0,0,0,0,0,0,0.00022326224856354128,0,1.2674532250682184e-05,0.6643428096232638,0,0,0,0.5216301812069701,0,0,0,0,0.16037603368692316,0.004743011777251028,0.0010024856336141774,0,0,0,0,0.0013271583373001422,0,0,0,0,0,0,0,8.509218407023459e-06,0,0,0,0,0,0,0,3.564553055414507e-05,0,0,0.006933748823718006,0,0,0
0,0,0,3.0835051355838844e-05,0,0,0,0.007320880870158419,0,0,0,0.0029996758389990476,0.42048946307324436,0.011403635414692003,0.00011921095420378756,0,0,0,0,0.0006775502275569418,0,0,0,0,0,0,0,0,0,0,0,0,0,0,0,0,0,0,0,0,0,0,0,0,0.0013308953466372713,0,0,0,0.5515864659460628,0,0,0.00010630259721244093,0.16037603368692316,0,0.09840624374690103,0.004010055882238196,0,0,0,0,0.0038560684409918956,4.551165534376039e-06,0,0,0,0,0,0,0,0,0,0,0,0,0,6.315272323107924e-06,0,7.790943995301666e-06,0,0.0009439387565521893,0,0,0
0,0,0,5.1084496453039015e-06,0,0,0,0.0013670666299017689,0,5.343500310532246e-06,0.0013848621312741855,2.594814677461722e-05,0.00301511904316645,0.41613529354354134,0.014857619546697258,0,0,0,0,0.008103948714188498,0,0,0,0,0,0,0,0,0,0,0,0,0,0,0,0,0,0,0,0,0,0,0,0,7.190093215324199e-05,0,0,0,0.15458512626272936,0,0,0.6042214425989173,0.004743011777251028,0.09840624374690103,0,0.1654690608870482,0,0,0,0,0.08816402439121741,0.00032053515754237335,1.0250049476549314e-05,0,0,0,0,0,0,0,0,0,0,0,0,0,0,0,0,0.0001543301119014939,0,0,0
0,0,0,0,0,0,0,5.029443572031424e-06,0,0,0,0,0,0.003999119888934962,0.20470404798725328,0,0,0,0,0.013828810192783035,0,0,0,0,0,0,0,0,0,0,0,0,0,0,0,0,0,0,0,0,0,0,0,0,0,0,0,0,0.0018169038253655631,0,0,0,0.0010024856336141774,0.004010055882238196,0.1654690608870482,0,0,0,1.4127287613105157e-05,0,0.9500374543184845,0.005755463343295061,0.011783656770303139,0,0.9214860684237512,0.0005676252526796673,0.03917702284110389,0.0036120646245835575,0,0,0,0,7.051466372424919e-06,0,0,0.000755557885216043,0,0,0,5.892355330542748e-06,0.01786648430301682,0,5.323549543863563e-06
0,0,0,0,0,0,0,0,0,0,0.00037582622857096977,0,0,0,0,5.174875497789286e-05,0,0,0,6.814069480102358e-06,0,0,0,0,0,0,0,0,0,0,0,0,0,0,0,0,0,0,0,0,0,0,0,0,0,0,0.00021032305212729776,0,0,0,1.2927516946217643,0.01164615741256907,0,0,0,0,0,1.2324316309530867,0.25111290782894513,8.954860573657279e-05,3.220934842428601e-05,0,0,0,0,0,0,0,0,0,0,0,0.07622308613009866,0.14069796244414817,0.21676754573080317,0.007817654551494758,0.0006577874687833549,0.012886886115704533,0.006100564556142933,0,0,0,0.004047316263916365
0,0,0,0,0,0,0,0,0,0,7.790547797842148e-05,0,0,0,0,5.017189914471502e-05,8.50666851237302e-06,0,0,1.868744290175327e-05,0,0,0,0,0,0,0,0,0,0,0,0,0,0,0,0,0,0,0,0,0,0,0,0,0,3.0441387995136977e-05,0.0008282289219740926,0,0,3.893725756894102e-05,0.008192554802170873,1.540806397708725e-05,0,0,0,0,1.2324316309530867,0,0.10303274805232653,0.824884093792813,0.00022953149549451846,0,0,0,0,0,0,0,0,0.00044593729151881135,0.019310172813075184,0.07729936004730313,0.43176426284784897,0.08726877127985355,0.05610361676911487,0.002237128868970507,8.658052737764341e-05,0.004192238668519248,0.0010387871980035448,0,0,1.1196112618050645e-05,0.00029875418066999733
0,0,0,0,0,0,0,0,0,0,3.323947815298695e-05,0,0,0,0,0,9.277164681032604e-05,0.0008087507944061562,1.699067991369246e-05,0.002435291450290414,2.7810028416905383e-06,0,0,0,0,0,0,0,0,0,0,8.459392009463125e-06,0,0,0,0,0,0,0,0,0,0,0,0,0,0,0,0,1.5252516510070346e-05,0.0002199634152926848,0.0001542561688606878,0.0014787558442953823,0,0,0,1.4127287613105157e-05,0.25111290782894513,0.10303274805232653,0,1.2232720873516674,0.18039060977253144,0.04135706069404201,0.0012947951115845672,0.07792256835472675,5.392227010193939e-05,6.360310134373171e-05,0,0,0,0.00014325287190675737,4.642322332073147e-05,0,0.0015681562577664998,2.6148665352949432e-06,6.646215246734382e-05,0.007471404288426014,0,0.004248725938493818,0.0010187813658931377,0,0,1.2765749598022799e-05,0.002298535617335192
0,0,0,0,0,0,0,0,0,0,0,0,0,0,0,0,0,0,0,0,0,0,0,0,0,0,0,0,0,0,0,0,0,0,0,0,0,0,0,0,0,0,0,0,0,9.356854012510517e-06,9.641168607606828e-05,0.00016887924386307815,2.494087780309843e-05,0.0018988295092492939,0.00010874314561944521,0,0,0,0,0,8.954860573657279e-05,0.824884093792813,1.2232720873516674,0,0.0033048469881945884,4.13252494364396e-05,0,0.4640772667681113,0,0.0022454507684343686,0,0,3.5573845955795473e-06,0.014502064369695115,0.044936869504532066,0.17636301942816124,0.003066626485474906,3.0178751529494494e-06,1.1719260893619656e-05,0.0012323301607669737,0,0.0014294693143988642,0.00013798339675422512,0,0,6.218569070633115e-05,4.421294155771655e-05
