0,129.65527068322262,6.1263093158866475,85.73378936655632,34.46586970174645,3.093425179276147,49.74331324035841,0,0,0,0,0.19558662086217887,0.04809122314138617,0,0,0,0.4625817004730032,0,0,0,0,0.047793571024088814,0.5062444435754316,0.5576116383136265,0.08314315498801314,0,0.2260660672643951,27.722623797020553,0.21008077593132338,5.0069373596909825,0,42.324567474559274,0,134.94841123152617,5.411857960894848,12.451490406222879,41.028582359448826,0.25938211532881617,6.088885186929683,0,0.6144494025154893,0,0,0.023633330566478157,0.3664071922445113,0,0,0,0,0,0,0,0,0,0,0,0,0,0,0,0,0,0,0,0,0,0,0,0,0,0,0,0,0,0,0,0,0,0,0,0,0,0.06040123060846772
129.65527068322262,0,0.22374259990262257,0,94.94215623421755,4.7787154606945474,61.84391000041707,0.46849068265706656,0,0,0,0,0,0,0,0,0.8184641387584732,0,0,0,0,0,0.076487816116304,0.32983287997172295,0,0,0,0,0,0.3785870761349874,0,3.988418460200766,0,18.810934885103087,36.945429439402226,44.01621181422476,35.29076169126229,2.084094545045429,0.5508373467432274,0.058886536369816354,0,0.1021437327806957,0,0.07437903956188387,0,0,0,0.8335952741424122,0.6309200001998525,0,0,0,0,0,0,0,0,0,0,0,0,0,0,0,0,0,0,0,0,0,0,0,0,0,0,0,0.08352582080122578,0,0,0,0,0,9.225577192639232
6.1263093158866475,0.22374259990262257,0,20.380554764915477,0,0,27.876627306811116,15.864872784423675,0,0,0,0,0,0,0,0,0,0,0,0,0,0,0,0,0.042942775883951914,0,0,0.583985354034602,0.08316014317963001,0.2543079634117025,0,0.19490377361324843,0,0,10.779064915975452,19.723267501252206,16.790854759894184,0.5170993586505148,5.107150016955384,0,0,0.06923717662696499,0.17120441564071404,1.6211625219978376,5.488950285863016,0,0,3.418707464549431,7.764754207504557,0,0,0,0,0,0,0,0,0,0,0,0,0,0,0,0,0,0,0,0,0,0,0,0,0,0,0.019899476090922154,0.49293785283410485,0,0,0,0,0,1.281092132061343
85.73378936655632,0,20.380554764915477,0,0,0,0,92.03580978391095,0,0,0,111.0638067323414,1.2676941334089655,0.24421183071079502,0,0,0,0,0,0,0,0,0,0,0.07631537995133537,0,0.5960654513918824,12.525808360883973,0,0,0,0.29672978175851034,0,0,1.025653685489012,8.180247691449305,7.43075454645136,0,9.593898767780326,0,0.10177857535005004,2.882027183724244,0.0978986999851169,11.316710375340614,134.6019781680388,0,0,1.7710387193177568,26.654042388619708,0,0,0,28.069179741399136,0.16364254949584045,0.07129410814691182,0,0,0,0,0,0,0,0,0,0,0,0,0,0,0,0,0,0,0,0,0,6.861453375004787,0,0,2.4307832528606057,0,0,0
34.46586970174645,94.94215623421755,0,0,0,131.114279603059,176.70251948732837,13.93417066273694,0.8468365808457747,1.1224715788826156,0,0,0,0,0,0,9.51494130947442,0,1.7459048649428626,0,0,0,0,0,0,0,0,0,0,1.3883589553906517,0.478647211987116,4.19484667250274,0,73.79133672219058,39.13741622867556,27.447607310004685,33.760009690503864,0.5670368208627596,0,0,0,0,0.060596283862073816,0,0,0,0,1.329520269300904,2.9184700568593374,0,0,0,0,0,0,0,0,0,0,0,0,0,0,0,0,0,0,0,0,0,0,0,0,0,0,0,0,0,0,0,0,0,8.016863758568773
3.093425179276147,4.7787154606945474,0,0,131.114279603059,0,74.18817728772699,34.69031239422991,69.49542269210542,159.25120241027068,0,0,0,0,0,1.9811591293111452,14.508913689683784,0.1221280861734045,1.8651898407818945,0,0,0,0,0,0,0,0,0,0,0.3760152037939298,0.14054694578169852,16.978323043353974,0,141.00251850740378,4.3393447000104555,0.9560294574256433,10.052341640068237,0,0,0,0,0,0,0,0,0,0,0.21497479533996425,8.054756047472273,0.07616385458984494,0,0,0,0,0,0,0,0,0,0,0,0,0,0,0,0,0,0,0,0,0,0,0,0,0,0,0,0,0,0,0,0,0.3524584135704069
49.74331324035841,61.84391000041707,27.876627306811116,0,176.70251948732837,74.18817728772699,0,195.0116920668692,112.34287843511028,8.061864823697618,0,0,0,0,0,0,0.3096584280765516,0.6398119035700212,15.123025250649118,0,0,0.05697941265138223,0.37345722261672243,0,0,0,0,0.24366122523601436,1.221033864778199,3.8267209053178495,1.9837765701200718,0,0,0,90.39156627767638,94.5144011039286,63.19917051227285,6.177477343390638,4.224401654200926,0,0,0.26949304247856226,0.8192644227432392,1.7565107705494545,0.7111941621591399,1.8562184246269884,0.7281416122216656,47.53727505022293,63.131675690304675,2.721081801627751,0,0,0,0,0,0,0,0,0,0,0,0,0,0,0,0,0,0,0,0,0,0,0,0,0,0.9185624577741425,0.6744431806870274,0,0,0,0,0,17.263291651514887
0,0.46849068265706656,15.864872784423675,92.03580978391095,13.93417066273694,34.69031239422991,195.0116920668692,0,193.82716729439682,80.06372140028685,74.15775446790697,112.40799230069612,151.22769407789784,92.3036521118915,22.59474249342593,0,0,0.811114933253745,0.414637778141676,58.24047390239077,0.4958711880817272,0,0,0.09405655297808815,0,0.17012866387765802,0,0,0,0,0.18148101453652124,0,0,0.7284783009351508,141.94183713138216,67.029533296013,107.97519824971404,31.999609346357733,1.0382212909050912,0.0933456778650956,0,0,1.4766779597538668,7.663051884332992,21.196732210410268,3.179017334266853,7.725956509470874,68.09781966236733,368.35464025325035,33.8847056640103,21.7404938180928,9.146573289805998,26.77545943541552,19.604867753093767,7.13112341187275,0.09508515135987225,0,0,0,0,0.1655407011079917,0,0,0,0,0,0,0,0,0,0,0,0,0,0,13.959154390002034,9.562103374783351,6.234556790670551,0.9609698889738575,0.0744524904306488,0,0,65.17165945352836
0,0,0,0,0.8468365808457747,69.49542269210542,112.34287843511028,193.82716729439682,0,173.10859142974397,0,0,0,0,0,0,0.19506478261995025,5.030515091834314,25.697313553935828,0,0,0,0.0578813913953179,0,0,0,0,0,2.4745001146301098,1.644468597348747,0,0,0,0,0.9662788043739564,0.5328699176568357,0.41366249540618233,0,0,0,0,0,0,0,0,0,0.11578625904812846,1.0575041860356134,32.16042038499039,8.636264806904471,4.266908352306831,0.05243220585336674,0,0,0,0,0,0,0,0,0,0,0,0,0,0,0,0,0,0,0,0,0,0,0,0,0,0,0,0,0,0,0.46727314810120724
0,0,0,0,1.1224715788826156,159.25120241027068,8.061864823697618,80.06372140028685,173.10859142974397,0,14.714235399088853,0,0,0,0,258.80712407803253,24.106989768332337,2.652834807687741,0.8702840512267622,0,0,0,0,0,0,0,0,0,0,0,0.06317384950549115,33.24965058942223,4.956450841511895,94.33399685481517,44.55929747855327,8.533366983544733,58.13843403339116,33.48324831155612,0,0,0,0,0,0,0,0,0,0,19.129097900273315,1.0776189287751015,26.20499579620343,18.002615755169845,0,0,0.04820021951604407,0,0,0,0,0,0,0,0,0,0,0,0,0,0,0,0,0,0,0,0,0,0.07293143175316728,0,0,0,0,0,55.89152906534643
0,0,0,0,0,0,0,74.15775446790697,0,14.714235399088853,0,0,1.4881601089224723,124.60953470813153,0,9.164917601509089,1.014126304954011,2.7853903191854528,0,91.51654473164055,0,0,0,0,0,0,0,0,0,0,0,0.7418128380756183,0,0,16.869774853697958,0.7879803731030528,5.060067878882956,0,0,0,0,0,0,0,0,0,0,0,15.622471487438844,0,18.275217528963726,38.27549759883626,0,0,4.63884218136968,0,4.942283755569541,0.987779320318934,0.459297982497233,0,9.745050659439498,0,0,0,0,0,0,0,0,0,0,0,0.0638984483402904,0,0,0.5700724438776269,0.07518797534219647,0,0,0,0,0,16.61081933780558
0.19558662086217887,0,0,111.0638067323414,0,0,0,112.40799230069612,0,0,0,0,55.36427392912672,26.989049640085657,13.321739093308295,0,0,0,0,14.671199369474254,0,0,0,0,0,0,0.048675237756697166,0.30713889622443147,0,0,0,0,0,0,0,0,0,0,0.4383617750210405,0,0,0.07715249718734153,0,0.24015984532761928,28.190022843751763,0,0,0.0469264525818799,20.2024280482506,0,0,0,72.51875360183367,4.773793900744421,0.18417908995819074,0,0,0,0,0,0.5823573848935895,0,0,0,0,0,0,0,0,0,0,0,0,0,0,0,0,0,0,0.30506479227911026,0,0,0
0.04809122314138617,0,0,1.2676941334089655,0,0,0,151.22769407789784,0,0,1.4881601089224723,55.36427392912672,0,82.24835154231869,27.194428577233474,0,0,0,0,37.041257027516224,0.29692430547451854,0,0,0,0,0,0,0,0,0,0,0,0,0,0.10858044032453223,0,0.058184300804874085,0,0.043621665287519255,0.08704919540059655,0,0,0,0,0,0,0,0,25.169876632592423,0,0,0,19.098554850046007,48.09590658753929,6.1158946970209085,0,0,0,0,0,3.7478355161874,0,0,0,0,0,0,0,0,0,0,0,0,0,0,0.12686904329378879,0,0,0,0,0,0,0
0,0,0,0.24421183071079502,0,0,0,92.3036521118915,0,0,124.60953470813153,26.989049640085657,82.24835154231869,0,65.38876240558176,0,0,0,0,97.34530560059326,0.6378705560330901,0,0,0,0,0,0,0,0,0,0,0,0,0,0.08400115474252054,0,0,0,0.03220566567592992,0.06696825128273956,0,0,0,0,0,0,0,0,10.382605260860464,0,0,3.9082007015724645,2.7477972485607083,15.902183115094903,70.33421384747498,4.983883419298949,0,0,0,0,16.954309084110978,0,0,0,0,0,0,0,0,0,0,0,0,0,0,0,0,0,0,0,0,0,0
0,0,0,0,0,0,0,22.59474249342593,0,0,0,13.321739093308295,27.194428577233474,65.38876240558176,0,0,0.12280824493454341,0,0,209.89158534015706,8.243279705774084,5.236928969640917,0,59.816557728131016,0.4010952111420939,7.661315527085739,2.7036817099736807,0,0,0,0,0,0,0,1.758521241010545,0,0,0,0,11.470369906495602,0,0,0,0,0,0,0,0,0.14653088683241255,0,0,0,0.21908301818823747,0.8212704134923667,13.395860318886534,40.85694783676345,0,0,0,0,24.80261069546424,0,0,0,0,0,0,0,0,0,0,0,0,0,0,0,0,0,0,0,0,0,0
0,0,0,0,0,1.9811591293111452,0,0,0,258.80712407803253,9.164917601509089,0,0,0,0,0,245.28925105678306,71.65735573156884,2.5160735637778173,0,0,0,0,0,0,0,0,0,0,0.13926581137792599,0.09037451177121562,51.192586828834315,22.88392509151553,111.18627341932002,33.61567432678562,0.2708337019833661,56.57113540789834,27.20538211793917,0,0,0,0,0,0,0,0,0,0,0,0,0,3.2687464797955266,0,0,0,0,0.7848658598558995,0.7535586172554521,0,0,0,0,0,0,0,0,0,0,0,0,0,0,0,0,0,0,0,0,0,0,0,0,40.34144931561296
0.4625817004730032,0.8184641387584732,0,0,9.51494130947442,14.508913689683784,0.3096584280765516,0,0.19506478261995025,24.106989768332337,1.014126304954011,0,0,0,0.12280824493454341,245.28925105678306,0,75.36515619386513,196.1931670704119,6.411684742565322,0,0,0,0,0,0,0,0.06653076702763934,1.15968193226815,68.64108273945492,77.29986176206069,221.35106819737672,50.5559759117239,95.02044882036749,4.790703592335974,0.12776611142793984,34.19542578604568,2.7784302429189367,0,0,0,0,0,0,0,0,0,0,0,0,0,0.14494684600922147,0,0,0,0,0,0.1269434939068527,1.5294984245327081,0,0.4786376557622337,0,0,0,0,0,0,0,0,0,0,0,0,0,0,0,0,0,0,0,0,0,1.045869778633639
0,0,0,0,0,0.1221280861734045,0.6398119035700212,0.811114933253745,5.030515091834314,2.652834807687741,2.7853903191854528,0,0,0,0,71.65735573156884,75.36515619386513,0,334.6712252445165,102.87953510742724,16.094928189870306,2.1951239014060158,88.49793087968008,1.5238843558977921,4.372192423780047,0.2076707908040826,0,0,2.7396919852341646,2.4870246064858716,0,32.80911137891545,0.04590461512375592,2.071600174517355,54.70086391223509,0,40.55467491955383,13.836520781333773,0,1.5063959722350964,0.12457593728324369,0,0,0,0,0,0,0,0,0,0,0.11090015779296478,0,0,0,0,0,0,14.539556566486018,0,39.929628585058786,0.314132648678679,0.10214939239506135,0.23419431851751768,0,0,0,0,0,0,0,0,0,0,0,0,0,0,0,0,0,0,30.612690018394304
0,0,0,0,1.7459048649428626,1.8651898407818945,15.123025250649118,0.414637778141676,25.697313553935828,0.8702840512267622,0,0,0,0,0,2.5160735637778173,196.1931670704119,334.6712252445165,0,1.0946074949541358,0,0,137.2517408561766,0,18.024656393730027,0.1837723936952052,0,0.2312261066602247,76.17024255784875,149.2817615312629,76.00057688055614,33.703708626523856,0,0.6640459910096853,6.445708079151942,0,26.631294002638032,6.053392400897233,0.05783730887304191,1.6742019361417524,0.16444974923542768,0,0,0,0,0,0,0,0,0,0,0,0,0,0,0,0,0,0.308999478717991,0,0.9676088372966561,0,0,0,0,0,0,0,0,0,0,0,0,0,0,0,0,0,0,0,0,0,0.34752109165993306
0,0,0,0,0,0,0,58.24047390239077,0,0,91.51654473164055,14.671199369474254,37.041257027516224,97.34530560059326,209.89158534015706,0,6.411684742565322,102.87953510742724,1.0946074949541358,0,142.3052611553937,52.77293721936307,1.1448627481374203,79.43450419488697,0.13974489459480202,11.19903929892628,4.137308400562646,0,0.3337881066636897,0.15406891359248007,0,12.541132774374455,0,0,52.15392903621578,0.19725829076254855,10.805061163891688,2.856213042682314,0.025018206102684955,34.64400726251774,0,0,0,0,0,0,0,0,0.2337582413411108,0,0,5.188685813875157,1.3188553821352327,6.495441518380498,23.049568547648104,26.041125939015803,0.0982289287868071,0.248027636440699,37.21485079688465,0,177.0351613070941,10.13276501466925,4.309049203726442,1.3797514934498405,0.29398731133631956,0,0,0,0,0,0,0,0,0,0,2.089735548443481,0,0,0,0,0.16975512778343374,0,13.211664052257415
0,0,0,0,0,0,0,0.4958711880817272,0,0,0,0,0.29692430547451854,0.6378705560330901,8.243279705774084,0,0,16.094928189870306,0,142.3052611553937,0,59.6818503679981,3.4620879545032026,26.83440099099446,0.07562712712311662,0.19379390402114788,0,0,0,0,0,0.6093643547968378,0,0,4.532381711595904,0,0,0,0,3.836710168732625,0,0,0,0,0,0,0,0,0,0,0,0,0,0,0,0,0,0,0.04376415327060214,0,12.89108471914986,14.897573421414286,2.4144142680902174,0.3524572303229307,0.48834640525695566,0,0,0,0,0,0,0,0,0,0,0,0,0,0,0,0,0,0
0.047793571024088814,0,0,0,0,0,0.05697941265138223,0,0,0,0,0,0,0,5.236928969640917,0,0,2.1951239014060158,0,52.77293721936307,59.6818503679981,0,6.41206797791707,82.63870519194391,1.2622476567404897,1.2448443507406413,0,0,0.04283260997600881,0.6479506399008578,0,0.9176471016473213,0,0,4.283071433619216,0,0.4256837314792007,0,0,4.430223714927171,0,0,0,0,0,0,0,0,0,0,0,0,0,0,0,0,0,0,0,0,1.9303969119799196,8.987103161295481,5.447803377416157,0.541973139555694,8.249538214287847,0,0,0,0,0,0,0,0,0,0,0.027244554951548077,0,0,0,0,0,0,0
0.5062444435754316,0.076487816116304,0,0,0,0,0.37345722261672243,0,0.0578813913953179,0,0,0,0,0,0,0,0,88.49793087968008,137.2517408561766,1.1448627481374203,3.4620879545032026,6.41206797791707,0,47.88488815029922,112.66338051836794,5.189171548333268,0.06425188575598173,0.49416825250104146,139.86902137092488,66.3110558303875,0,29.804604608132237,0,0.21362827439208915,19.66345101019208,0,20.430555342615556,0.08309355676471546,0,0.5788835880354488,0.39858843119199105,0,0,0,0,0,0,0,0,0,0,0,0,0,0,0,0,0,0,0,1.5822517952151016,0.0964482782498152,0.49149468516879946,1.6025001780339474,0,0,0,0,0,0,0,0,0,0,0,0,0,0,0,0,0,0,0.26919832430218643
0.5576116383136265,0.32983287997172295,0,0,0,0,0,0.09405655297808815,0,0,0,0,0,0,59.816557728131016,0,0,1.5238843558977921,0,79.43450419488697,26.83440099099446,82.63870519194391,47.88488815029922,0,178.66349045195966,56.42422779807676,0.9193836679676409,0.9901157837593829,1.9453621179147165,4.651847811300865,0,2.2969155673579564,0,0,11.08806784985078,0,3.0207469423333264,0,0,25.427711274828646,0.06882961644402844,0,0,0,0,0,0,0,0,0,0,0,0,0,0,0,0,0,0,0,0,0.08023045141161118,0.4237803283931729,0.09888340725429741,17.40698837328001,0,0,0,0,0,0,0,0,0,0,0,0,0,0,0,0,0,0.2558268349335946
0.08314315498801314,0,0.042942775883951914,0.07631537995133537,0,0,0,0,0,0,0,0,0,0,0.4010952111420939,0,0,4.372192423780047,18.024656393730027,0.13974489459480202,0.07562712712311662,1.2622476567404897,112.66338051836794,178.66349045195966,0,192.19382874949534,117.73776982167492,22.506613918107384,360.7321093039016,2.461228894253779,0,0,0,0,23.65590653201461,0,0.18514962521449418,0.1377416605784415,0.16999439193366123,66.46109747828982,13.332560434110752,0,0,0,0,0,0,0,0,0,0,0,0,0,0,0,0,0,0,0,0,0,0,0,0,0,0,0,0,0,0,0,0,0,0,0,0,0,0,0,0,0,0.14916999541446727
0,0,0,0,0,0,0,0.17012866387765802,0,0,0,0,0,0,7.661315527085739,0,0,0.2076707908040826,0.1837723936952052,11.19903929892628,0.19379390402114788,1.2448443507406413,5.189171548333268,56.42422779807676,192.19382874949534,0,57.884866721819776,0.28224263235933805,3.2942628808756935,0,0,0,0,0,0.597641933587225,0,0,0,0,45.67767711516353,0.4185585582408779,0,0,0,0,0,0,0,0,0,0,0,0,0,0,0,0,0,0,0,0,0,0,0,0,0,0,0,0,0,0,0,0,0,0,0,0,0,0,0,0,0,2.067543768234399
0.2260660672643951,0,0,0.5960654513918824,0,0,0,0,0,0,0,0.048675237756697166,0,0,2.7036817099736807,0,0,0,0,4.137308400562646,0,0,0.06425188575598173,0.9193836679676409,117.73776982167492,57.884866721819776,0,34.98587275189359,1.667206332153841,0,0,0,0,0,33.99243774983205,0.25075565015897494,0.8108861725240276,0,0.38253752001942176,110.87694730769155,83.30693261796529,0,0,0,0,0,0,0,0,0,0,0,0,0,0,0,0,0,0,0,0,0,0,0,0,0,0,0,0,0,0,0,0,0,0,0,0,0,0,0,0,0,1.6008280606284995
27.722623797020553,0,0.583985354034602,12.525808360883973,0,0,0.24366122523601436,0,0,0,0,0.30713889622443147,0,0,0,0,0.06653076702763934,0,0.2312261066602247,0,0,0,0.49416825250104146,0.9901157837593829,22.506613918107384,0.28224263235933805,34.98587275189359,0,39.53579901995605,46.572499487267294,0,56.69998984110895,0,7.306650992914331,30.85023150385562,1.27856674324726,25.219674141897272,3.5776646591945798,3.764813751194193,19.660410719210866,45.43046506097571,0,0,0,0.04971009201698794,0,0,0,0,0,0,0,0,0,0,0,0,0,0,0,0,0,0,0,0,0,0,0,0,0,0,0,0,0,0,0,0,0,0,0.04444758801636456,0,0,2.285766044817582
0.21008077593132338,0,0.08316014317963001,0,0,0,1.221033864778199,0,2.4745001146301098,0,0,0,0,0,0,0,1.15968193226815,2.7396919852341646,76.17024255784875,0.3337881066636897,0,0.04283260997600881,139.86902137092488,1.9453621179147165,360.7321093039016,3.2942628808756935,1.667206332153841,39.53579901995605,0,422.9281085765121,6.803392907559829,1.1123258383356245,0,0,12.77381978949749,0,2.3503170532487556,0.646174805572234,0.20857356523893492,20.270810579749725,1.6651570024421452,0,0,0,0,0,0,0,0,0,0,0,0,0,0,0,0,0,0,0,0,0,0,0,0,0,0,0,0,0,0,0,0,0,0,0,0,0,0,0,0,0,0
5.0069373596909825,0.3785870761349874,0.2543079634117025,0,1.3883589553906517,0.3760152037939298,3.8267209053178495,0,1.644468597348747,0,0,0,0,0,0,0.13926581137792599,68.64108273945492,2.4870246064858716,149.2817615312629,0.15406891359248007,0,0.6479506399008578,66.3110558303875,4.651847811300865,2.461228894253779,0,0,46.572499487267294,422.9281085765121,0,200.30720027382318,431.62056914559344,0,0.5239194149702223,4.0591152226396305,0,16.508576614368845,2.4911958425129104,0.13640748705192404,5.090508011469101,0.15205129790531527,0,0,0,0,0,0,0,0,0,0,0,0,0,0,0,0,0,0,0,0,0,0,0,0,0,0,0,0,0,0,0,0,0,0,0,0,0,0,0,0,0,0
0,0,0,0,0.478647211987116,0.14054694578169852,1.9837765701200718,0.18148101453652124,0,0.06317384950549115,0,0,0,0,0,0.09037451177121562,77.29986176206069,0,76.00057688055614,0,0,0,0,0,0,0,0,0,6.803392907559829,200.30720027382318,0,105.96009313027965,0,0,0,0,2.356891468974217,0,0,0,0,0,0,0,0,0,0,0,0,0,0,0,0,0,0,0,0,0,0,0,0,0,0,0,0,0,0,0,0,0,0,0,0,0,0,0,0,0,0,0,0,0,0.13986075105350673
42.324567474559274,3.988418460200766,0.19490377361324843,0.29672978175851034,4.19484667250274,16.978323043353974,0,0,0,33.24965058942223,0.7418128380756183,0,0,0,0,51.192586828834315,221.35106819737672,32.80911137891545,33.703708626523856,12.541132774374455,0.6093643547968378,0.9176471016473213,29.804604608132237,2.2969155673579564,0,0,0,56.69998984110895,1.1123258383356245,431.62056914559344,105.96009313027965,0,77.55164881180677,164.6497310535213,1.9706209973922182,0,55.13980480639088,0.17335673673728974,0.02951490707969911,0.7168048604894353,0.3757588016600502,0,0,0,0,0,0,0,0,0,0,0.09985797982586213,0,0,0,0,0,0,0.16875419145231663,0,0.2941722944369434,0,0,0,0,0,0,0,0,0,0,0,0,0,0,0,0,0,0,0,0,0,0
0,0,0,0,0,0,0,0,0,4.956450841511895,0,0,0,0,0,22.88392509151553,50.5559759117239,0.04590461512375592,0,0,0,0,0,0,0,0,0,0,0,0,0,77.55164881180677,0,60.98792656138131,0,0.022699786984839224,4.2118586793385635,0,0,0,0,0,0,0,0,0,0,0,0,0,0,0,0,0,0,0,0,0,0,0,0,0,0,0,0,0,0,0,0,0,0,0,0,0,0,0,0,0,0,0,0,0,0
134.94841123152617,18.810934885103087,0,0,73.79133672219058,141.00251850740378,0,0.7284783009351508,0,94.33399685481517,0,0,0,0,0,111.18627341932002,95.02044882036749,2.071600174517355,0.6640459910096853,0,0,0,0.21362827439208915,0,0,0,0,7.306650992914331,0,0.5239194149702223,0,164.6497310535213,60.98792656138131,0,0,0,75.06770923319611,0,0,0,0,0,0,0,0,0,0,0,0,0,0,0,0,0,0,0,0,0,0,0,0,0,0,0,0,0,0,0,0,0,0,0,0,0,0,0,0,0,0,0,0,0,0
5.411857960894848,36.945429439402226,10.779064915975452,1.025653685489012,39.13741622867556,4.3393447000104555,90.39156627767638,141.94183713138216,0.9662788043739564,44.55929747855327,16.869774853697958,0,0.10858044032453223,0.08400115474252054,1.758521241010545,33.61567432678562,4.790703592335974,54.70086391223509,6.445708079151942,52.15392903621578,4.532381711595904,4.283071433619216,19.66345101019208,11.08806784985078,23.65590653201461,0.597641933587225,33.99243774983205,30.85023150385562,12.77381978949749,4.0591152226396305,0,1.9706209973922182,0,0,0,340.46762934243594,42.20118083757463,38.83341243350406,26.451640231218356,219.62892119686384,115.39312753468725,0,0,0.014785490982362107,0,0.06672400998798085,0,0.8678780025765034,11.957933711311478,0,0,0.4016024796072157,0,0,0,0,0,0,0,0,1.3444912653149474,0.044333095088711034,0,0,0,0,0,0,0,0,0,0,0,0,0,29.2340805114271,0.515616263013373,0,0,0,0,0,412.2555670057153
12.451490406222879,44.01621181422476,19.723267501252206,8.180247691449305,27.447607310004685,0.9560294574256433,94.5144011039286,67.029533296013,0.5328699176568357,8.533366983544733,0.7879803731030528,0,0,0,0,0.2708337019833661,0.12776611142793984,0,0,0.19725829076254855,0,0,0,0,0,0,0.25075565015897494,1.27856674324726,0,0,0,0,0.022699786984839224,0,340.46762934243594,0,81.11023888669267,34.49948868639661,60.70264304512128,11.345567968533514,9.574056955092402,0,0.09244493620871821,0.03733683056459005,0.11225529561449489,0.08082627066961334,0,0.9240052082768144,5.990213559385808,0,0,0.43053510002752077,0,0,0,0,0,0,0,0,0,0,0,0,0,0,0,0,0,0,0,0,0,0,0,0.8898953341625611,0.561219625735367,0,0,0.03511231489476729,0,0,94.37000952607623
41.028582359448826,35.29076169126229,16.790854759894184,7.43075454645136,33.760009690503864,10.052341640068237,63.19917051227285,107.97519824971404,0.41366249540618233,58.13843403339116,5.060067878882956,0,0.058184300804874085,0,0,56.57113540789834,34.19542578604568,40.55467491955383,26.631294002638032,10.805061163891688,0,0.4256837314792007,20.430555342615556,3.0207469423333264,0.18514962521449418,0,0.8108861725240276,25.219674141897272,2.3503170532487556,16.508576614368845,2.356891468974217,55.13980480639088,4.2118586793385635,75.06770923319611,42.20118083757463,81.11023888669267,0,191.52749666810493,27.40124511460901,0.6910923040805675,11.96657764719546,0,0,0.01799788318229976,0.06202152631632079,0,0,0,2.19809854386441,0,0,0,0,0,0,0,0,0,0,0,0,0,0,0,0,0,0,0,0,0,0,0,0,0,0,0,0,0,0,0.031157522212560598,0,0,41.16950502235986
0.25938211532881617,2.084094545045429,0.5170993586505148,0,0.5670368208627596,0,6.177477343390638,31.999609346357733,0,33.48324831155612,0,0,0,0,0,27.20538211793917,2.7784302429189367,13.836520781333773,6.053392400897233,2.856213042682314,0,0,0.08309355676471546,0,0.1377416605784415,0,0,3.5776646591945798,0.646174805572234,2.4911958425129104,0,0.17335673673728974,0,0,38.83341243350406,34.49948868639661,191.52749666810493,0,4.734862738694325,0.07458647292495481,18.664839863454283,0,0,0,0,0,0,0,0.06018291422148248,0,0,0,0,0,0,0,0,0,0,0,0.10977684913678593,0,0,0,0,0,0,0,0,0,0,0,0,0,0,0,0,0,0,0,0,0,150.4002299022752
6.088885186929683,0.5508373467432274,5.107150016955384,9.593898767780326,0,0,4.224401654200926,1.0382212909050912,0,0,0,0.4383617750210405,0.043621665287519255,0.03220566567592992,0,0,0,0,0.05783730887304191,0.025018206102684955,0,0,0,0,0.16999439193366123,0,0.38253752001942176,3.764813751194193,0.20857356523893492,0.13640748705192404,0,0.02951490707969911,0,0,26.451640231218356,60.70264304512128,27.40124511460901,4.734862738694325,0,2.4698615928099286,6.365482083643209,0,0,0,0.18065499211261465,0,0,0,0,0,0,0,0,0,0,0,0,0,0,0,0,0,0,0,0,0,0,0,0,0,0,0,0,0,0,0.05044174760590156,0.0899779808553126,0.6634315513935177,0,0.14409877651138395,0,0,2.728015630570434
0,0.058886536369816354,0,0,0,0,0,0.0933456778650956,0,0,0,0,0.08704919540059655,0.06696825128273956,11.470369906495602,0,0,1.5063959722350964,1.6742019361417524,34.64400726251774,3.836710168732625,4.430223714927171,0.5788835880354488,25.427711274828646,66.46109747828982,45.67767711516353,110.87694730769155,19.660410719210866,20.270810579749725,5.090508011469101,0,0.7168048604894353,0,0,219.62892119686384,11.345567968533514,0.6910923040805675,0.07458647292495481,2.4698615928099286,0,151.2212602214816,0,0,0,0,0,0,0,0,0,0,0,0,0,0,0,0,0,0,0,0.4517592745730673,0,0,0,0,0,0,0,0,0,0,0,0,0,0,0,0,0,0,0,0.9887105181549852,0,7.59274620695772
0.6144494025154893,0,0,0.10177857535005004,0,0,0,0,0,0,0,0,0,0,0,0,0,0.12457593728324369,0.16444974923542768,0,0,0,0.39858843119199105,0.06882961644402844,13.332560434110752,0.4185585582408779,83.30693261796529,45.43046506097571,1.6651570024421452,0.15205129790531527,0,0.3757588016600502,0,0,115.39312753468725,9.574056955092402,11.96657764719546,18.664839863454283,6.365482083643209,151.2212602214816,0,0,0,0,0,0,0,0,0,0,0,0,0,0,0,0,0,0,0,0,0,0,0,0,0,0,0,0,0,0,0,0,0,0,0,0,0,0,0,0,0,0,26.081541776362787
0,0.1021437327806957,0.06923717662696499,2.882027183724244,0,0,0.26949304247856226,0,0,0,0,0.07715249718734153,0,0,0,0,0,0,0,0,0,0,0,0,0,0,0,0,0,0,0,0,0,0,0,0,0,0,0,0,0,0,142.83072124498972,6.373917681660788,90.0991507150697,50.21393969453979,5.835125525710063,47.83227928171944,0,0,0,0,0.36305505066287413,0,0,0,0,0,0,0,0,0,0,1.0117606336642122,0.14494805285446102,0,0,0.4324169393288734,21.243711182389074,0.17552397000277098,1.1282227512367398,0,39.119128735616954,0,133.96341506023296,20.174592409442358,20.179035347974406,37.85549696243219,0,8.765300270676734,0,0,0.30608231465675567
0,0,0.17120441564071404,0.0978986999851169,0.060596283862073816,0,0.8192644227432392,1.4766779597538668,0,0,0,0,0,0,0,0,0,0,0,0,0,0,0,0,0,0,0,0,0,0,0,0,0,0,0,0.09244493620871821,0,0,0,0,0,142.83072124498972,0,0.04589318925549107,0,80.52092404084127,4.470545144109991,45.207528931579375,1.1941971401679674,0,0,0,0,0,0,0,0,0,0,0,0,0,0,0,0,0,0,0,0,0,0.8928602038089501,0,6.436166459518342,0,12.064612149343047,31.177768376260836,30.42428383127621,22.041607757510423,1.4967584681458093,0.05583713018419765,0.05010025451757964,0,2.6597671104653404
0.023633330566478157,0.07437903956188387,1.6211625219978376,11.316710375340614,0,0,1.7565107705494545,7.663051884332992,0,0,0,0.24015984532761928,0,0,0,0,0,0,0,0,0,0,0,0,0,0,0,0,0,0,0,0,0,0,0.014785490982362107,0.03733683056459005,0.01799788318229976,0,0,0,0,6.373917681660788,0.04589318925549107,0,18.99814933661149,0,0,19.237377346683687,14.867707357446173,0,0,0,0.097056334133712,0,0,0,0,0,0,0,0.019260378061985356,0,0,0.17304901023309407,0.025355040109949697,0,0,0,0.019805537102107508,0,0.0521176107035234,0,0.13039945134172445,0,0.013183671109534298,7.486485215516202,12.568837006564731,10.082231367822677,0.21698411895612638,1.5947557728331385,0,0,0.22827383268388649
0.3664071922445113,0,5.488950285863016,134.6019781680388,0,0,0.7111941621591399,21.196732210410268,0,0,0,28.190022843751763,0,0,0,0,0,0,0,0,0,0,0,0,0,0,0,0.04971009201698794,0,0,0,0,0,0,0,0.11225529561449489,0.06202152631632079,0,0.18065499211261465,0,0,90.0991507150697,0,18.99814933661149,0,0,0,0,74.39967111836334,0,0,0,98.06138354247568,4.001152784300962,0.5874233285175391,0,0,0,0,0,0.40942248084117716,0,0,0,0,0,0,0,0.6344497723714648,0,0,0,0,0,0,0.46631581003444056,16.618400577913953,2.629657582316542,0,9.05196693729356,0,0,0
0,0,0,0,0,0,1.8562184246269884,3.179017334266853,0,0,0,0,0,0,0,0,0,0,0,0,0,0,0,0,0,0,0,0,0,0,0,0,0,0,0.06672400998798085,0.08082627066961334,0,0,0,0,0,50.21393969453979,80.52092404084127,0,0,0,132.66494875100912,139.51839606417533,8.029246539983301,0.27332566488104215,0.6600783791575993,0,0,0,0,0,0,0.3653344844915512,0,0.16256173899644727,0,0,0,0,0,0,0,0,0,0.6467002941472026,6.339394985531061,0.11238148495612622,6.960099798076246,0,69.9804987085231,38.338157296093094,16.79680830888573,22.329848414907183,1.8296041700101033,0,0,0,3.2884193356040017
0,0,0,0,0,0,0.7281416122216656,7.725956509470874,0.11578625904812846,0,0,0,0,0,0,0,0,0,0,0,0,0,0,0,0,0,0,0,0,0,0,0,0,0,0,0,0,0,0,0,0,5.835125525710063,4.470545144109991,0,0,132.66494875100912,0,116.81519369849134,32.867363132237436,88.15849656430493,172.6192939865019,0,0,0,0,0,0.7807144321801032,5.930689602769527,0,1.1292317743409421,0,0,0,0,0,0,0,0,0,2.0859891827131616,13.668175403501655,1.4293265413417238,22.010582614305445,0,149.80650697537573,7.7892850704482886,6.638479765327615,2.8433095438265816,0,0,0,0,0.3130148533298867
0,0.8335952741424122,3.418707464549431,1.7710387193177568,1.329520269300904,0.21497479533996425,47.53727505022293,68.09781966236733,1.0575041860356134,0,0,0.0469264525818799,0,0,0,0,0,0,0,0,0,0,0,0,0,0,0,0,0,0,0,0,0,0,0.8678780025765034,0.9240052082768144,0,0,0,0,0,47.83227928171944,45.207528931579375,19.237377346683687,0,139.51839606417533,116.81519369849134,0,210.57925061848556,137.20775020984976,8.712518011250594,0,0,0,0,0,0,0,0,3.2667409406474626,0,0,0,1.2771305714074876,0,0,0,0,0,6.675998607919924,8.91862898204771,0.6621343878777206,0,0,0.4950200034607235,69.38690522688427,70.37154686742826,46.17945662285076,4.923574973971038,2.1018943008886146,0,0,4.5689709789065605
0,0.6309200001998525,7.764754207504557,26.654042388619708,2.9184700568593374,8.054756047472273,63.131675690304675,368.35464025325035,32.16042038499039,19.129097900273315,15.622471487438844,20.2024280482506,25.169876632592423,10.382605260860464,0.14653088683241255,0,0,0,0,0.2337582413411108,0,0,0,0,0,0,0,0,0,0,0,0,0,0,11.957933711311478,5.990213559385808,2.19809854386441,0.06018291422148248,0,0,0,0,1.1941971401679674,14.867707357446173,74.39967111836334,8.029246539983301,32.867363132237436,210.57925061848556,0,196.49062357890304,84.75104133727109,64.47643721961965,124.15111744934592,121.64666310280634,92.5731522725979,24.16045334836013,0,0,0.24182331367092436,0.5477985021489321,59.46531825995012,1.4180727849826147,0,0.9623228296286546,0.25253158625434846,0,0.4179899649147735,0,0.04794580733724925,0,0,0,0,0,8.191949073020067,129.64431230872333,74.13319350269886,94.83557355555016,39.82321488323937,0.789768494499297,0.7023980704298848,0,64.07196456894424
0,0,0,0,0,0.07616385458984494,2.721081801627751,33.8847056640103,8.636264806904471,1.0776189287751015,0,0,0,0,0,0,0,0,0,0,0,0,0,0,0,0,0,0,0,0,0,0,0,0,0,0,0,0,0,0,0,0,0,0,0,0.27332566488104215,88.15849656430493,137.20775020984976,196.49062357890304,0,186.4562630116314,0,0,0,0,0,0,0.28633379835791023,1.8893935208853176,20.67586827383471,0,0,0,0.8105881486053584,0,0.14697226111600042,0,0,0,10.258663626316624,6.36769407618068,0.1889243600547078,0,0,0,1.103867066246389,6.09608222015859,0.7924537161599886,0,0,0,0,0.07071062052646294
0,0,0,0,0,0,0,21.7404938180928,4.266908352306831,26.20499579620343,18.275217528963726,0,0,0,0,0,0,0,0,0,0,0,0,0,0,0,0,0,0,0,0,0,0,0,0,0,0,0,0,0,0,0,0,0,0,0.6600783791575993,172.6192939865019,8.712518011250594,84.75104133727109,186.4562630116314,0,16.261232613877862,0,0,0,0,259.10273754219435,31.3186496382608,0.9860859817018223,1.0634857567550398,0,0,0,0.17934030653565164,0,0,0,0,0,0.5392806167872386,1.1801598279141767,0.22599128234444565,47.14246665295576,10.458344349939228,129.55865862806266,36.89517725547289,32.787962757703056,45.12931873650718,27.258584806414348,0,0.10884208617404972,0,43.8006687225508
0,0,0,0,0,0,0,9.146573289805998,0.05243220585336674,18.002615755169845,38.27549759883626,0,0,3.9082007015724645,0,3.2687464797955266,0.14494684600922147,0.11090015779296478,0,5.188685813875157,0,0,0,0,0,0,0,0,0,0,0,0.09985797982586213,0,0,0.4016024796072157,0.43053510002752077,0,0,0,0,0,0,0,0,0,0,0,0,64.47643721961965,0,16.261232613877862,0,0,0.39897060737870554,89.48659470108723,0,11.32684501826068,0.1228390737806279,1.9015686038981414,0,51.78255712908301,0,0,0,0,0,0,0,0,0,0,0,0,0,0,8.91311154339345,0.29897433296766684,2.442221982673121,0,0,0,0,9.634346655583302
0,0,0,28.069179741399136,0,0,0,26.77545943541552,0,0,0,72.51875360183367,19.098554850046007,2.7477972485607083,0.21908301818823747,0,0,0,0,1.3188553821352327,0,0,0,0,0,0,0,0,0,0,0,0,0,0,0,0,0,0,0,0,0,0.36305505066287413,0,0.097056334133712,98.06138354247568,0,0,0,124.15111744934592,0,0,0,0,52.00791727876378,20.82812751257298,11.03390084643826,0,0,0,0,18.26607363996252,0,0,0,0,0,0,0,0.05595014828301959,0,0,0,0,0,0,0,0.0661892255059891,0,0,5.688617582420325,0,0,0
0,0,0,0.16364254949584045,0,0,0,19.604867753093767,0,0,0,4.773793900744421,48.09590658753929,15.902183115094903,0.8212704134923667,0,0,0,0,6.495441518380498,0,0,0,0,0,0,0,0,0,0,0,0,0,0,0,0,0,0,0,0,0,0,0,0,4.001152784300962,0,0,0,121.64666310280634,0,0,0.39897060737870554,52.00791727876378,0,53.538432861349754,20.07851350741042,0,0,0,0,28.06086298518731,0.05098841742732468,0,0,0,0,0,0,0,0,0,0,0,0,0,0.05287014950952294,0,0.05156142953019963,0,2.5632243435748787,0,0,0
0,0,0,0.07129410814691182,0,0,0,7.13112341187275,0,0.04820021951604407,4.63884218136968,0.18417908995819074,6.1158946970209085,70.33421384747498,13.395860318886534,0,0,0,0,23.049568547648104,0,0,0,0,0,0,0,0,0,0,0,0,0,0,0,0,0,0,0,0,0,0,0,0,0.5874233285175391,0,0,0,92.5731522725979,0,0,89.48659470108723,20.82812751257298,53.538432861349754,0,60.106606029592655,0,0,0,0,95.95302823125574,1.4972411917228183,0.05192611068799976,0,0,0,0,0,0,0,0,0,0,0,0,0,0,0,0,1.2297957123453152,0,0,0
0,0,0,0,0,0,0,0.09508515135987225,0,0,0,0,0,4.983883419298949,40.85694783676345,0,0,0,0,26.041125939015803,0,0,0,0,0,0,0,0,0,0,0,0,0,0,0,0,0,0,0,0,0,0,0,0,0,0,0,0,24.16045334836013,0,0,0,11.03390084643826,20.07851350741042,60.106606029592655,0,0,0,0.07238423605472356,0,199.54263816168455,11.910973911360855,10.83040470622306,0,79.23681676388165,1.917946032830957,21.365184054852914,10.957661798334291,0,0,0,0,0.08283116333946472,0,0,5.33251047461239,0,0,0,0.09890098979366091,17.114516271482486,0,0.07362153440344146
0,0,0,0,0,0,0,0,0,0,4.942283755569541,0,0,0,0,0.7848658598558995,0,0,0,0.0982289287868071,0,0,0,0,0,0,0,0,0,0,0,0,0,0,0,0,0,0,0,0,0,0,0,0,0,0,0.7807144321801032,0,0,0,259.10273754219435,11.32684501826068,0,0,0,0,0,241.38149379631028,89.22587796026352,0.2581546864578935,0.11177116005962143,0,0,0,0,0,0,0,0,0,0,0,66.30426733297068,36.37164901747946,116.7613646165541,38.01854413150768,2.701022082706908,52.0364754341332,27.319757381642667,0,0,0,41.80495824288356
0,0,0,0,0,0,0,0,0,0,0.987779320318934,0,0,0,0,0.7535586172554521,0.1269434939068527,0,0,0.248027636440699,0,0,0,0,0,0,0,0,0,0,0,0,0,0,0,0,0,0,0,0,0,0,0,0,0,0.3653344844915512,5.930689602769527,0,0,0.28633379835791023,31.3186496382608,0.1228390737806279,0,0,0,0,241.38149379631028,0,99.95946119080662,212.25903098697583,1.775180049338858,0,0,0,0,0,0,0,0,3.322863194816838,59.67685517976269,72.21729087649534,206.38536572481308,35.99864245662174,69.6766154870733,9.682865179115797,0.44344006449379514,17.472729832115306,4.980761363313088,0,0,0.0970338440012418,2.740570254516352
0,0,0,0,0,0,0,0,0,0,0.459297982497233,0,0,0,0,0,1.5294984245327081,14.539556566486018,0.308999478717991,37.21485079688465,0.04376415327060214,0,0,0,0,0,0,0,0,0,0,0.16875419145231663,0,0,0,0,0,0,0,0,0,0,0,0,0,0,0,0,0.24182331367092436,1.8893935208853176,0.9860859817018223,1.9015686038981414,0,0,0,0.07238423605472356,89.22587796026352,99.95946119080662,0,317.8652656046962,112.25251040561831,20.672652875824646,2.95010278277844,80.26489215771912,0.2648506066093649,0.48405939598238207,0,0,0,1.5128043351081917,0.6041886878599422,0,20.134814005942527,0.020765173056092583,0.5751951194919912,56.24202037048137,0,32.09052662370392,7.409227558058705,0,0,0.15492087647608188,31.96376519370774
0,0,0,0,0,0,0,0,0,0,0,0,0,0,0,0,0,0,0,0,0,0,0,0,0,0,0,0,0,0,0,0,0,0,0,0,0,0,0,0,0,0,0,0,0,0.16256173899644727,1.1292317743409421,3.2667409406474626,0.5477985021489321,20.67586827383471,1.0634857567550398,0,0,0,0,0,0.2581546864578935,212.25903098697583,317.8652656046962,0,13.087248739513363,0.17779820936426113,0,181.07937907344092,0,13.409618334465794,0,0,0.06867290340272271,73.30779591354145,120.40694124265713,105.5524748910621,27.90578849381049,0.021426507876355787,0.10557470105330072,9.199211798694318,0,11.525721296445427,1.0568354158813391,0,0,0.5985117050838732,0.5857640257414006
0,0,0,0,0,0,0,0.1655407011079917,0,0,9.745050659439498,0.5823573848935895,3.7478355161874,16.954309084110978,24.80261069546424,0,0.4786376557622337,39.929628585058786,0.9676088372966561,177.0351613070941,12.89108471914986,1.9303969119799196,1.5822517952151016,0,0,0,0,0,0,0,0,0.2941722944369434,0,0,1.3444912653149474,0,0,0.10977684913678593,0,0.4517592745730673,0,0,0,0.019260378061985356,0.40942248084117716,0,0,0,59.46531825995012,0,0,51.78255712908301,18.26607363996252,28.06086298518731,95.95302823125574,199.54263816168455,0.11177116005962143,1.775180049338858,112.25251040561831,13.087248739513363,0,176.95081366217414,74.56739559977825,15.998883937637055,84.09719395605714,0.7424687464153901,12.243549233567771,4.381215923757538,0,1.0571738706222862,0,0,2.13499534388995,0,0,55.93758735577561,0.10726583032811805,6.9161024232022035,0.7689779893832333,0.36159451007564225,14.249699909110337,0.13867229815042154,14.387051028748637
0,0,0,0,0,0,0,0,0,0,0,0,0,0,0,0,0,0.314132648678679,0,10.13276501466925,14.897573421414286,8.987103161295481,0.0964482782498152,0.08023045141161118,0,0,0,0,0,0,0,0,0,0,0.044333095088711034,0,0,0,0,0,0,0,0,0,0,0,0,0,1.4180727849826147,0,0,0,0,0.05098841742732468,1.4972411917228183,11.910973911360855,0,0,20.672652875824646,0.17779820936426113,176.95081366217414,0,49.8295319159438,14.89792731979633,28.885276427746827,0.051489761955735146,0,0,0,0.046375162243077396,0,0,0.19111210101760767,0,0,10.760977015272333,0,0,0,0,0.629605150806759,0,0.24801826691695578
0,0,0,0,0,0,0,0,0,0,0,0,0,0,0,0,0,0.10214939239506135,0,4.309049203726442,2.4144142680902174,5.447803377416157,0.49149468516879946,0.4237803283931729,0,0,0,0,0,0,0,0,0,0,0,0,0,0,0,0,0,0,0,0,0,0,0,0,0,0,0,0,0,0,0.05192611068799976,10.83040470622306,0,0,2.95010278277844,0,74.56739559977825,49.8295319159438,0,22.471726451183823,69.2982736185752,1.5674211293191922,0.7928723405043888,0,0,0.03894984712145861,0.2764549859905119,0,0.18248542410426025,0,0,7.36591628177047,0,0.0405416232988282,0,0,3.979009445376586,0,0.03289153286003841
0,0,0,0,0,0,0,0,0,0,0,0,0,0,0,0,0,0.23419431851751768,0,1.3797514934498405,0.3524572303229307,0.541973139555694,1.6025001780339474,0.09888340725429741,0,0,0,0,0,0,0,0,0,0,0,0,0,0,0,0,0,1.0117606336642122,0,0.17304901023309407,0,0,0,1.2771305714074876,0.9623228296286546,0.8105881486053584,0.17934030653565164,0,0,0,0,0,0,0,80.26489215771912,181.07937907344092,15.998883937637055,14.89792731979633,22.471726451183823,0,56.054495594848675,111.4468355774817,1.6456575499071682,0.09199393949597434,3.200746010337048,138.0036281959068,92.42833389616973,0.8416884860525262,32.45870779087241,0,0,40.26119026255082,0,15.286401855563902,0,0.021603444806765813,0,3.8748935820437995,2.4055701466684654
0,0,0,0,0,0,0,0,0,0,0,0,0,0,0,0,0,0,0,0.29398731133631956,0.48834640525695566,8.249538214287847,0,17.40698837328001,0,0,0,0,0,0,0,0,0,0,0,0,0,0,0,0,0,0.14494805285446102,0,0.025355040109949697,0,0,0,0,0.25253158625434846,0,0,0,0,0,0,79.23681676388165,0,0,0.2648506066093649,0,84.09719395605714,28.885276427746827,69.2982736185752,56.054495594848675,0,196.29847664450912,57.29003048900599,8.262241385748075,0.913341890402892,3.103341115216045,1.106700778113773,0,0.8934267385765372,0,0,14.359866960020005,0,0.1030623010413099,0,0,24.734324679190312,0,0.06530611283658606
0,0,0,0,0,0,0,0,0,0,0,0,0,0,0,0,0,0,0,0,0,0,0,0,0,0,0,0,0,0,0,0,0,0,0,0,0,0,0,0,0,0,0,0,0,0,0,0,0,0.14697226111600042,0,0,0,0,0,1.917946032830957,0,0,0.48405939598238207,13.409618334465794,0.7424687464153901,0.051489761955735146,1.5674211293191922,111.4468355774817,196.29847664450912,0,174.96891929420502,121.45999369138599,31.483542315352082,369.0721409526733,1.0385896861630424,0,0,0,0,27.703080619764542,0,0,0,0.028607892424736762,55.44924210556209,5.5807258849638055,0
0,0,0,0,0,0,0,0,0,0,0,0,0,0,0,0,0,0,0,0,0,0,0,0,0,0,0,0,0,0,0,0,0,0,0,0,0,0,0,0,0,0,0,0,0,0,0,0,0.4179899649147735,0,0,0,0,0,0,21.365184054852914,0,0,0,0,12.243549233567771,0,0.7928723405043888,1.6456575499071682,57.29003048900599,174.96891929420502,0,83.40859852997913,3.2906525202789614,3.483558156814322,0,0,0,0,0,2.7180156860729903,0,0,0,0,47.22550173132095,0.6481466774364791,0.044476112541221635
