0,11.76038570412978,0.27465585810268844,11.2353336547774,2.0056944106751753,0.16762957066909995,2.8711768661900785,0.024939746001879724,0,0.019408441290493787,0,0.03672482975829409,0.0020377627141938918,0.0011571824616603962,8.907651255138912e-05,0.021946741664073083,0.045718236410621116,0.02140392169818236,0.022778773838212578,0.008570669558023374,9.288328043665758e-05,0.004877281052551418,0.03967591417585118,0.041622531329446905,0.023212077370989247,0.00019714987949116268,0.05208018147880577,0.5905677178217736,0.03773375482841649,0.10392536195452312,0.002892845305784552,0.9780039505285864,0.0004930757823077203,10.286570293798052,0.12316575375278892,0.2940835084677766,0.7745399312252432,0.05363915586117391,0.12919139649321074,0.03131779061244969,0.05490155843706776,0.0037711168736336864,0.00034580051404422527,0.0005171333342434025,0.0339525676252288,0,0,0.0019884260404636226,0.006686188650692066,0,0,0,0.0038997387240789533,0,0,0,0,0,0,0,0.0009206668277018718,0,0,0,0,0,0,0,0,0,0,0,9.799470478391802e-05,0,0,0.00011016274702571754,0.005920972991212257,0.00010226055747580655,0,0.0011492115781164373,0,0,0.03592284152288535
11.76038570412978,0,0.0067432414406599465,0.001231667089454609,8.949549248676563,0.17588159387359367,3.1602779122792284,0.04124036687622881,0.00029347775071898984,0.015087900046663693,0,0,0,0,0,0.011708973929571119,0.04059577634508519,0.012789322439338405,0.015202340842497872,0.005013491911889166,0,0.0011636147557410736,0.017087019444355783,0.020540375113443653,0.008335015922105728,0.00010430713088248778,0.0004929489219895474,0.01136677074642842,0.010223405227317366,0.035239170070018914,0.0028869142990722405,0.09406881377873519,0,0.3889627018960685,0.4455846705088832,0.8291697698174524,0.5965346232765365,0.10287311413805172,0.017464752988630018,0.02440179512633036,0.008091605566237713,0.0019509601129634425,0.004673014147979751,0.0011144375113465897,0.002922115187184637,0.0013768274185103808,0,0.02253591786265929,0.02520722474615414,0.00019377428882609338,0,0,0,0,0,0,0,0,0,0,0.00010812816644175126,0,0,0,0,0,0,0,0,0,0,0,0,0,0,0.0032428528973677925,0.004395680445645629,0.0004639956011635758,0,0,0,0,0.1030269602160949
0.27465585810268844,0.0067432414406599465,0,1.5998752596025534,0,0,2.201274910126095,0.5620396730799295,0,0,0,0,0,0,0,0,0,0.00010632207385218372,0.00026465331697206996,0,0,0,0.00015384322678799458,0.0009281632144138069,0.00043732904960475224,0,0,0.008360337657403141,0.0012904437126016167,0.004031662153614879,0,0.004065630784922783,0,0.0002800929611802964,0.11387677522112456,0.35025050887552733,0.2534377690789151,0.015402232740303851,0.0883427069532634,0.0006557652474625809,0.00012383600277973648,0.0020407679321448125,0.0027889032207475944,0.01942632869389406,0.06142317507126683,0,0,0.034254991944219736,0.06527611437052593,0,0,0,0.001233248416608277,0,0,0,0,0,0,0,0,0,0,0,0,0,0,0,0,0,0,0,0,0,0,0.0009289926431967024,0.01095359008104498,0,0,0.00023325126557953283,0,0,0.016198601021327762
11.2353336547774,0.001231667089454609,1.5998752596025534,0,0,0,0.024001764348838318,5.141506540335494,0,0,0.00011172952725190416,9.928568056918094,0.09144237367575218,0.04654262146114066,0.01870260791763971,0,0,0.00023672831724703015,0.00018512400884616973,0.02127345743677279,0,0,0.000462008625730832,0.0014801945615757033,0.005217240845897172,0,0.04229791052312545,0.20010043107545383,0.004427828095354364,0.009469983668247639,0,0.0454613172079912,0,0.015351327305214912,0.06303040546621942,0.22371217688934697,0.192131312678392,0.006984691323404265,0.20141676838022587,0.008693493725591021,0.020399629044826784,0.10103277718622604,0.006119890095931737,0.15428267643746207,5.2492283535479,0.00025260322784009516,0,0.0681424882966957,0.3413649882378962,0,0,0,0.8531399210352337,0.032106282740355305,0.014677279595221563,0.0062536855068251376,0,0,0,0,0.012044979192704992,0,0,0,0,0,0,0,0.002273493371284935,0,0,0,0.0006085340331151666,0,0.0003736796160434601,0.00591651771024967,0.1732530987759027,0.006752838478221533,0,0.05189058650230852,0,0,0.006940635800199318
2.0056944106751753,8.949549248676563,0,0,0,9.46064370260185,11.12172630070288,0.21629744921298966,0.07834782275951023,0.10531091256069727,0,0,0.0003524074517955813,0,0,0.05050991599117392,0.1369769418869205,0.028756744182873425,0.06206887670760119,0.01021341289604651,0,0.0007803454562915098,0.01617796179029967,0.006506913870928282,0.0013297477550847257,0,7.738176865981859e-05,0.0008667332149868848,0.010534977050745027,0.05052042935459047,0.023087149578710792,0.10385002039461867,8.467560781014444e-05,2.6691404376940486,0.47885076722506176,0.46274434958271726,0.555188986976488,0.10255686403368745,0,0.012986304331044404,0.002784207808794607,0.0003199351851422193,0.0005445633238559767,0.00012383736262011808,9.20923980189394e-05,0.004963380962341455,0.003306787707085719,0.0550541621015027,0.07437032188840474,0.003779860064198242,0,0,0,0,0,0,0,0,0,0,3.9943679913908026e-05,0,0,0,0,0,0,0,0,0,0,0,0,0,0,0.012809301616779966,0.0010164207354261138,0.0008005121441516315,0.0001206920054366571,0,0,0,0.11684743176596395
0.16762957066909995,0.17588159387359367,0,0,9.46064370260185,0,3.121073581129622,0.440607740541573,2.4431577029123335,12.78604400090782,0.00023151491056139987,0,0,0,0,0.1661211051651859,0.21528128322646406,0.033383473933308844,0.08362830757581839,0.001632300811138666,0,9.786729712207777e-05,0.0014860643084923077,0.00034964377397442336,0.00015999025232643735,0,0,0,0.012221613545510998,0.047461587425776636,0.020157370522421312,0.434772004292852,0.0019876778807451177,11.009164277134216,0.12429241821447436,0.08182472383735251,0.24999106772732946,0.04046829928963518,0.00015990950321500194,0.00014411797419837754,0,0,0,0,0,0.0015356334101539108,0.013530207765191827,0.0398857456137715,0.12275862820938489,0.041111131895245644,0.011029755421620784,0.00010560940804944758,0,0,0,0,0,0,0,0,0,0,0,0,0,0,0,0,0,0,0,0,0,0,0,0.01018839338000146,0.0018501520294506694,0.0019432021125239253,0.0004411439788627036,0,0,0,0.051024361519437234
2.8711768661900785,3.1602779122792284,2.201274910126095,0.024001764348838318,11.12172630070288,3.121073581129622,0,6.808678884822751,4.031162020888656,0.2723968752340653,0.0017956966677419228,0.0006011970142034444,0.0024072840558569506,0,7.85821790983701e-05,0.038898516893273935,0.07797588989031022,0.058452605494055225,0.18184723739009442,0.027870817903064726,0.00021739377101503616,0.0024834149894858606,0.03545487190495667,0.02626854729813841,0.025579838402089883,8.655240609776777e-05,0.0021936997145106858,0.026207736022336555,0.06957374672619991,0.1103717334631197,0.03241309468689042,0.052272175184799735,0,0.05629114301183597,1.085836904806516,1.6986247155178573,0.9764298313299188,0.16018535643195556,0.07386214690353314,0.04555282250255955,0.018767570895331105,0.006693186341956813,0.02619067968371047,0.016143170130071598,0.030065331056927096,0.050710020768172444,0.04825044553014131,0.44816016852810836,0.5731168603610973,0.06871537292561182,0.007908344268367265,0,0.006904818756462308,0.003486201463298917,0,0,0,0,0.0012076594766191526,0.0003379045971731011,0.010241487497065492,0,0,0.0004609693269506454,0,0,0,0,0,0,0.00011100808870749441,0,0.00037629162371107504,0,0.0011991136899731378,0.08960436363874176,0.05243009465728756,0.040404921776899014,0.009006988290286419,0.0004988684253512178,0.0002701815828703732,0,0.21780535420649128
0.024939746001879724,0.04124036687622881,0.5620396730799295,5.141506540335494,0.21629744921298966,0.440607740541573,6.808678884822751,0,12.14291110302208,1.8341514948058062,2.8534632496791237,6.836569350580178,10.8030473071508,3.3402742502569915,0.21482655437592932,0.05403533058005795,0.05456484006104377,0.08669738098650989,0.07736518758515537,0.5550934873570742,0.0181193454483356,0.002895268213229045,0.03010311147880013,0.019684203852409047,0.021565753237567393,0.008764883060834148,0.011631876480556384,0.014854361723903387,0.025255410232062486,0.04534410353591561,0.009274669861767825,0.06703160421852768,0.00011803888442409945,0.10335979937127236,1.7161285104940898,1.051570994646681,1.5583420774833092,0.4146114904542759,0.022480097555896437,0.046341172472174896,0.012100092092552986,0.02615267873302602,0.0370675145585935,0.0679300143941153,0.2760756943806677,0.07399575603675823,0.1313393280639727,0.6192107211721422,5.7592462953991745,0.32704380230078994,0.25387208663680616,0.1146732478204383,0.5620419759723351,0.37707898906319054,0.15327900902296487,0.040931841152403024,0.01807241541682412,0.002141259148601634,0.019617797189745736,0.011919342881936445,0.11268887984287972,0.000945485220530059,0,0.008602965632359159,0.0007211818873304462,0.00042496117901964737,0.00010692250361263786,0.00015232730539947037,0.00043118745072118274,0.00345388362249728,0.0047994651439890405,0,0.011761792623379893,0,0.02293776207278928,0.2863073276149561,0.16576975664613997,0.16506625402903954,0.0662051764072777,0.003597146182124191,0.013476958388257899,0.0007340723361074277,0.5515160742302164
0,0.00029347775071898984,0,0,0.07834782275951023,2.4431577029123335,4.031162020888656,12.14291110302208,0,10.909242942887229,0,0,0,0,0,0.058884779971417715,0.0486595916860629,0.11372191760456436,0.2611018435773299,0.0001238459560804979,0,0,0.016555801405785806,0,0.00683325477935836,0,0,0,0.05389150661966187,0.0445278461390733,0.0071629883675487175,0.004406940672461923,0,0.00184050240941334,0.09688898554417132,0.0611211612274982,0.08009324847876888,0.026261593238833224,0,0,0,0,0,0,0,0.0008651054135866391,0.03470546693018102,0.04308817749015436,0.3086352390230827,0.13084253292933581,0.08401680561307705,0.0034490145544369233,0,0.0007409418443880625,0.0014204882667920565,0,0.0006630174206345833,0,7.940252993666415e-05,0.00013552743765275223,0.00032347878196198305,0,0,0,0,0,0,0,0,0,0,0,0,0,0.0002985900870588466,0.01594538542031058,0.006756839953877968,0.007639698734730196,0.00033574488054293264,0,0,0,0.05231971015054058
0.019408441290493787,0.015087900046663693,0,0,0.10531091256069727,12.78604400090782,0.2723968752340653,1.8341514948058062,10.909242942887229,0,0.4462951898745209,0,0,0.0018226693587410304,0,18.354325774028784,0.4714796615180977,0.18763681588261677,0.14383695002250366,0.019167543051645367,0,0,0.0037944250473217504,0,0.0010657469396989526,0,0,0.00272855033833132,0.023503876485622195,0.044958207855790834,0.012249039449990295,1.1779711472714742,0.16967147576389296,4.785227802851128,0.6431680199459455,0.28872739648970064,0.9598191019933849,0.5154704414418815,0,0.00174728522889759,0.0002675304631375225,0,0,0,0,0,0.006813375121895889,0.00552754078531293,0.23744895083866924,0.05491799688115821,0.27577540898130953,0.16284650374494092,0,0,0.021886601613550258,0,0.05207663317349126,0.007869143766042839,0.006033587693504539,0.0007552681730028871,0.016518432392727978,0,0,0,0,0,0,0,0,0,0,0,0.0009508719919890383,0,0.0017169684023165635,0.02952517132350747,0.020518477873698295,0.0349093558121284,0.008082303609853755,0,0.0006469814786879546,0,0.5305148940141033
0,0,0,0.00011172952725190416,0,0.00023151491056139987,0.0017956966677419228,2.8534632496791237,0,0.4462951898745209,0,0.001219583675566959,0.07754349826993226,10.763617616643096,0.0074184177575917516,0.3707455523538326,0.05925655849056727,0.1567315192101385,0.0011824680943322767,5.195923223112077,0,0,0.00023627331093285022,0,0,0,0,0,0.0001033284440591141,0.004913887322990184,0.0001011775796413021,0.04466834411100657,0,0.007717647525952141,0.22803830118915108,0.07069970448799333,0.11649148692918311,0.04868830081809702,0,0,0.00012750575102101576,0,0,0,0,0,0,0,0.1901492811456674,0.0007603433792470417,0.16899885394280567,0.525674970521013,0,0.00334067088158225,0.15355539115614275,0.0026030822764628397,0.08401939681973815,0.0308256171409129,0.03666875158828197,0.001756250104951268,0.1336734649507789,0,0,0.00010062522969263021,0,0,0,0,0,0.00019525261209336697,0.0009274396986441814,0.00022304916880385388,0.013985693794440262,0,0.0013874126938570777,0.038699480814726815,0.01511577287628241,0.023842980946315526,0.008440399503270251,0,0.0024220797551672306,0,0.1507316129751201
0.03672482975829409,0,0,9.928568056918094,0,0,0.0006011970142034444,6.836569350580178,0,0,0.001219583675566959,0,2.9618224900383487,0.4343389368141843,0.14213674888300878,0,0,0,0,0.13941257120678807,0.002406988249335977,0,0,0.0002719494230745522,0.0007830857460154328,0.00024369054401747654,0.00822353435465586,0.027207740686495098,0,0,0,0.0015948304639368772,0,0.00035111327455795977,0.007802407122867142,0.0038409691880035243,0.020525206664980998,0,0.026005123220760016,0.006346837457788955,0.007036051668906924,0.014489086478534332,0.00011771791906696939,0.004571299079906964,0.7768381932795903,0,0,0.009025133667982615,0.3679743623109913,0,0,0,4.870744990697253,0.19965576648204092,0.04327254557187954,0.020376325644105672,0,0,0,0,0.03478912444139601,0.00013550067157738934,0,0,0.0001010578439565285,0,0,0,0.0001712428384821846,0,0,0,0,0,0,0.0015222460039030382,0.015937313831858018,0.0008044595295349008,0,0.01251861164400779,0,0,5.810354567893306e-05
0.0020377627141938918,0,0,0.09144237367575218,0.0003524074517955813,0,0.0024072840558569506,10.8030473071508,0,0,0.07754349826993226,2.9618224900383487,0,3.804842148060703,0.40432066606276684,0,0,0,0,0.4440395402707472,0.012230169734525625,0.0001376810180661314,0,0.0005574331681877754,0.0011462433205835798,0.003959725246515303,0.004858725259246206,0.0021137540375631364,0,0,0,0,0,0,0.021641722284683775,0.0028147904890771483,0.014764902621895254,0.00046965797292320116,0.0029694798840341242,0.013462528844662812,0.00022861549427844046,0.00047369501158123553,0,0,0.030023125411407694,0,0.0001914355552152757,0.006608897468061809,0.5137850712664955,0.000382070648612862,0,0.0018046183752935604,0.6797876065306263,4.4970903856844275,0.21738077967165922,0.0406240691962495,0,0,0,0,0.07925679815125038,0.0003155122284985293,0,0,0,0,0,0,0,0,0,0,0,0,0,0.008801187351259525,0.0014711957894467259,0.001962237574697613,0.00010607484300599342,0.0005520927864635771,0,0,0.0036577599871626017
0.0011571824616603962,0,0,0.04654262146114066,0,0,0,3.3402742502569915,0,0.0018226693587410304,10.763617616643096,0.4343389368141843,3.804842148060703,0,3.316441945300649,0.002650725008847194,0.0027517957278230185,0.006389264145295802,0,2.8782877410693493,0.032258066594678954,0.0012331069313360264,0,0.0021145045887867894,0.001551415557339844,0.004810891404140516,0.007617059084887433,0.0009666646588400612,0,0.0002541432979367751,0,0.0019210761924839273,0,0,0.028941131368325254,0.0012483428972193881,0.01243783251061924,0.0002770517877857716,0.0007150739009750484,0.03544657662582449,0.00011033382889046315,0.00010537947308760357,0,0,0.010912000784946219,0,0.0001628474525883213,0,0.19283856079355263,0.0004980149807324109,0.01887181096092554,0.11708052944976179,0.10138641864606049,0.4301094467756901,5.410041471705481,0.26535248403068634,0.011329243794338103,0.0011533175758872496,0.005560437731361998,0,0.2866169013419547,0.002050350683492341,0,0,0,0,0.00013096336195622075,0,0,0,0,0,0.00018569273286261084,0,0.0001509176676435749,0.006915635681257646,0.001461571879523552,0.001384019937084073,9.87944664219829e-05,0.00010736678704972861,0.00026895032823049726,0,0.006719741008045785
8.907651255138912e-05,0,0,0.01870260791763971,0,0,7.85821790983701e-05,0.21482655437592932,0,0,0.0074184177575917516,0.14213674888300878,0.40432066606276684,3.316441945300649,0,0,0.00829619051015076,0.03457849991776845,0.006098465961066959,16.376585938388637,0.23805140530446456,0.21955747620934474,0,7.322309624379936,0.053296626484227415,0.3554615123276875,0.10762604218435011,0.0006192883527519813,0.00159002641563523,0.00300626301660511,0,0.01840261557726203,0,0.0002994391771075746,0.10385308388403729,0.0009213891518043421,0.02003349414391195,0.002932910276439898,0.00015434609073990054,0.37624827256611276,0.005251745290550004,8.760291207456955e-05,0,0,0.002546343472687761,0,0,0,0.041551423386654913,0,0,0.0010117942493479692,0.036457281862699364,0.05019626165809165,0.49645303833317306,2.8919859284909273,0.00029997941083578815,0.00042045046392654643,0.01201837642896258,0.0002682093858479011,0.5544899761598207,0.006280165408931707,0.00017714865681548573,0.00020916013513778847,0.0010058641480007913,0,0,0,0,0.0003836531332375086,0.0002456799152103748,0,0.0002738328984652953,0,0,0.007479838458291506,0.00021062248993943512,0,0,0,0.0012723868741136744,0,0.022672252172416165
0.021946741664073083,0.011708973929571119,0,0,0.05050991599117392,0.1661211051651859,0.038898516893273935,0.05403533058005795,0.058884779971417715,18.354325774028784,0.3707455523538326,0,0,0.002650725008847194,0,0,16.74669219368947,2.7322617395319364,0.18124543530322965,0.08416159587999938,0,0,0.002085299419479513,0,0.000648970423248471,0,0.0001722784721405974,0.01095838140939205,0.027662144889134408,0.05499400199902087,0.012760355005007013,1.4740301582823538,0.9750736744974637,4.361850012888291,0.4907570576658304,0.11318173270571631,0.900624036609489,0.41055437101553555,0,0.002509863168474732,0.0007637298429686221,0,0,0,0,0,0,0,0.00788253240269239,0,0.019553029760561436,0.05721839393548857,0,0,0.010803169377655606,0,0.06823658380441645,0.04664155431613265,0.038412729684011666,0.00213543426527664,0.058180250859153675,0,0,0,0,0,0,0,0,0,0.000875683563425781,0.0002078081169230761,0.0182307941215251,0,0.0012410580803083598,0.01378215871567307,0.001471450444243968,0.00297689385008842,0.00020787198704812427,0,0,0,0.39891886679817123
0.045718236410621116,0.04059577634508519,0,0,0.1369769418869205,0.21528128322646406,0.07797588989031022,0.05456484006104377,0.0486595916860629,0.4714796615180977,0.05925655849056727,0,0,0.0027517957278230185,0.00829619051015076,16.74669219368947,0,1.9621461597525256,11.788190692064223,0.21251329939754932,0.0009946611598935357,0,0.009341888785918432,0,0.00668654891917401,0.0001250869817200954,0.0005223600227430188,0.01542832799887918,0.12418272799483092,1.373277727550195,2.606473998862916,9.240284343927726,2.8517550883958505,2.4410011948691364,0.21095168243113385,0.04666995746822706,0.5970133904812541,0.12564811283523045,0.00020356732953888314,0.02127883052406771,0.0033048497370329424,0,0,0,0,0,0,0.00017869117762453452,0.005518735620617517,0,0.0033191977551080445,0.01759566479013325,0,0,0.000750426808117943,0.00019766170231146174,0.05193671858697496,0.027941982447284037,0.08512994997256544,0.006867521958787851,0.08216211071549724,0,0,8.9521982651852e-05,0,0,0,0,0,0.0010850480251864577,0.001775298122423599,0.0003853506841576012,0.012293147794744596,0,0.0003267232374135734,0.02709327519082343,0.0005589962957951416,0.0050917439179855185,0.0031266267202470564,0,0.0025296765357899257,0,0.11140976048087473
0.02140392169818236,0.012789322439338405,0.00010632207385218372,0.00023672831724703015,0.028756744182873425,0.033383473933308844,0.058452605494055225,0.08669738098650989,0.11372191760456436,0.18763681588261677,0.1567315192101385,0,0,0.006389264145295802,0.03457849991776845,2.7322617395319364,1.9621461597525256,0,24.043796167512486,4.427220166487587,0.7069671022279622,0.07787215977351064,3.4872617043590846,0.10724848094914263,0.18653168949419643,0.03139738776265013,0.013603698156169556,0.027743374520947266,0.14795966203120814,0.1407576280448027,0.018500701646790584,0.32482243811024425,0.008293278105827416,0.12556714442151806,0.6328566589614991,0.07171025331404912,0.46132693587694956,0.19454770400621105,0.0023130242793927645,0.1381518794144928,0.04303438304312528,0,0,0,0,0,0,0.0004282761896578169,0.01628884177572166,6.814786270560594e-05,0.00202397100436663,0.0091489276544613,0,0,0.004053686922455873,0.011334423897565006,0.020097798608323877,0.04495474825997337,0.17157100850991291,0.05132514786554315,0.3321267921657098,0.035150177685031495,0.013284520461454652,0.05231627629304827,0.015562265026409386,0.008013544104267927,0.00023702184425328644,0.00014574581834047272,6.224821006693035e-05,0.023804605061201207,0.022575654685153202,0.0031749391692425903,0.03673466947354425,0,0.0008391792503574146,0.07844921227039146,0.002905427124652556,0.014173474488064023,0.002826752688643073,0,0.02525062106967337,0.00045672102702701777,0.27476037556851773
0.022778773838212578,0.015202340842497872,0.00026465331697206996,0.00018512400884616973,0.06206887670760119,0.08362830757581839,0.18184723739009442,0.07736518758515537,0.2611018435773299,0.14383695002250366,0.0011824680943322767,0,0,0,0.006098465961066959,0.18124543530322965,11.788190692064223,24.043796167512486,0,0.14698390515027032,0.002441079771863549,0,7.423902563171076,0.008161375708525237,0.3364209087614915,0.024125341190143066,0.011416734192096923,0.028473560424610165,1.1461918044540929,4.017661535161696,2.8059306176470327,0.4164845275096844,0.0002807522028476286,0.10286024633043092,0.22015696970823334,0.024117962180769555,0.3639801802642336,0.14509756919285566,0.0032506346025527755,0.10085740237359558,0.03558564297545835,0,0,0,0,0,0,0.0003642489763727293,0.011277036475314878,0.00031089711365916826,0.0008929750112347417,0,0,0,0,0,0.0011632746112341314,0.0027958069982846,0.049339580817376126,0.013924566236763754,0.08957422124487013,0.004368973167007342,0.0004401173217664698,0.011843095534482474,0.0005565590399524888,0.00043834297515010236,0,0,0,0.004536659661346157,0.0015877817813280224,0,0.001708123854928354,0,0,0.022557417931443068,0,0.0029580625665693084,0.0002948118643972672,0.00010035926363424733,0.0026375128636436725,0,0.11213137882515134
0.008570669558023374,0.005013491911889166,0,0.02127345743677279,0.01021341289604651,0.001632300811138666,0.027870817903064726,0.5550934873570742,0.0001238459560804979,0.019167543051645367,5.195923223112077,0.13941257120678807,0.4440395402707472,2.8782877410693493,16.376585938388637,0.08416159587999938,0.21251329939754932,4.427220166487587,0.14698390515027032,0,13.073321386572642,3.169792607829305,0.08145404672285517,4.333986993436897,0.10039705376997553,0.1923556019098778,0.09039488178916445,0.023630329841210617,0.06554832024316014,0.09776789320797495,0.015782683912888486,0.2632843356596519,0.008339834848398942,0.06272169829992093,0.6568877213095407,0.08359419295053978,0.236508458207347,0.11675204352813241,0.0026842140694587884,0.5347990133618624,0.03882523319373502,0.0005556520397023565,0,0,0.004986492076126251,0,0,0.007693981902635441,0.11502048926638167,0.00046692629346596626,0.013514440336242177,0.08669008609396106,0.05062743220536018,0.09211299490209524,0.4400959349994056,0.602377315681042,0.056266468738189426,0.06319516025417572,0.31150825829827666,0.07472450245397073,3.977178206506218,0.12464359704110825,0.06370199368769516,0.0841420935044459,0.06353155182015233,0.02367710637058563,0.0016318711465214118,0.0015774821493010317,0.001928621805423626,0.0453447625302686,0.03455322993980664,0.007218520255231641,0.0557005103284499,0,0.004150029185960014,0.18465722755187078,0.01931270500760503,0.04414223340189911,0.029038577617162185,0.00016296966073990726,0.06923287183897464,0.012463132312815952,0.24896123700514544
9.288328043665758e-05,0,0,0,0,0,0.00021739377101503616,0.0181193454483356,0,0,0,0.002406988249335977,0.012230169734525625,0.032258066594678954,0.23805140530446456,0,0.0009946611598935357,0.7069671022279622,0.002441079771863549,13.073321386572642,0,4.051246826738784,0.19427840575314642,0.7059326039350832,0.01884393375435371,0.027293512518927032,0.0015975612825242784,0.00010562456668350771,0.00307774602576772,0.008631619700690736,0,0.028668204159148267,0,0.0003013141262944923,0.07881376676745429,0.00032602133064253745,0.02026202977275962,0.0011993720469947405,0,0.0933214618850553,0.0004437403449141843,0,0,0,0,0,0,0,0.0008316144249719593,0,0,0,6.904506588759105e-05,0.0006335956219088705,0.0037347163951486914,0.015633300345789435,0,0,0.016778600371503135,0.0005944817344974727,0.18303375966949642,0.4700565412545767,0.09573226761631495,0.025486094158800224,0.04706992211291254,0.00013157926890820343,0,0,0,7.97579826695033e-05,0,0,0,0,0,0.014708695296896154,0,0,0,0,0.004108672742463756,0,0.012131745740500893
0.004877281052551418,0.0011636147557410736,0,0,0.0007803454562915098,9.786729712207777e-05,0.0024834149894858606,0.002895268213229045,0,0,0,0,0.0001376810180661314,0.0012331069313360264,0.21955747620934474,0,0,0.07787215977351064,0,3.169792607829305,4.051246826738784,0,0.2851707038009303,6.007081848360231,0.051893214673478065,0.06004288586736663,0.0013654200043436858,0.003907531579759513,0.010972557922626738,0.024676680052538112,0,0.02546805400587009,0,0.000202750380332324,0.06946256310462517,6.755998876255407e-05,0.024091004956817045,0,0,0.0950207887122957,0.0016074288079568032,0,0,0,0,0,0,0,0,0,0,0,0,0,0,0.0025917920258238442,0,0,0.0028584005848553804,0,0.06542507225096933,0.34627954810769895,0.2818845453616746,0.026896259662072246,0.2762306085873998,0.0009101795863754697,0,0,0,0.00013521349892791514,0.00010845374567852068,0,0.0001080820093097245,0,0,0.010787560832365883,0,0,0,0,0.002844286169943978,0,0.002649792450106332
0.03967591417585118,0.017087019444355783,0.00015384322678799458,0.000462008625730832,0.01617796179029967,0.0014860643084923077,0.03545487190495667,0.03010311147880013,0.016555801405785806,0.0037944250473217504,0.00023627331093285022,0,0,0,0,0.002085299419479513,0.009341888785918432,3.4872617043590846,7.423902563171076,0.08145404672285517,0.19427840575314642,0.2851707038009303,0,2.064926025983884,3.198792119169178,0.11437608568958464,0.021274474944026227,0.03888372542082449,6.332362177904435,1.7079393227655049,0.015247307622177292,0.2757042030482171,0,0.05593886535282903,0.21034739359157534,0.011377251865099877,0.22302600315395496,0.06551768629822667,0.0011720398204801668,0.09353283339575134,0.05105982663983675,0,0,0,0,0,0,0,0.00019561230736579878,0,0,0,0,0,0,8.676264166678032e-05,0,0,0.017707572235731633,0.003558638439099534,0.06524486418906389,0.01776905849432533,0.013855302545070551,0.044299252365744446,0.015529414373163852,0.002255597538817184,0,0,0,0.0003983212957950187,0,0,0,0,0,0.02183641460457507,0,0,0,0,0.005845281742716172,0,0.07029577821241284
0.041622531329446905,0.020540375113443653,0.0009281632144138069,0.0014801945615757033,0.006506913870928282,0.00034964377397442336,0.02626854729813841,0.019684203852409047,0,0,0,0.0002719494230745522,0.0005574331681877754,0.0021145045887867894,7.322309624379936,0,0,0.10724848094914263,0.008161375708525237,4.333986993436897,0.7059326039350832,6.007081848360231,2.064926025983884,0,14.719560085891407,2.9143145670472204,0.0678997672946759,0.04901904722853761,0.09558668529926471,0.10845121153781018,0,0.08660761387528913,0,0.004206648742328335,0.17704321763634634,0.004515702956694639,0.10473178392600042,0.0034263170986740016,0.0005153902694486984,0.49928558910877274,0.02284145912360709,0,0,0,0,0,0,0,0.00011738974288446745,0,0,0,0,0,0,0.003227574808190439,0,0,0.000962943097390764,0,0.048231876218449855,0.026631077090300468,0.04152058202297249,0.07051908496591844,0.8486913436725555,0.003973088350230153,0,0,0,0,9.422859793768372e-05,0,0,0,0,0.024676454184065368,0,0.00012820655895918938,0,0,0.017554395141321753,0,0.0522371195211521
0.023212077370989247,0.008335015922105728,0.00043732904960475224,0.005217240845897172,0.0013297477550847257,0.00015999025232643735,0.025579838402089883,0.021565753237567393,0.00683325477935836,0.0010657469396989526,0,0.0007830857460154328,0.0011462433205835798,0.001551415557339844,0.053296626484227415,0.000648970423248471,0.00668654891917401,0.18653168949419643,0.3364209087614915,0.10039705376997553,0.01884393375435371,0.051893214673478065,3.198792119169178,14.719560085891407,0,17.80766994676942,11.743076117454086,0.7225767071314126,31.80740449541379,0.2072983550670344,0.0007418925149908277,0.07581545844984863,0,0.004300694227603895,0.346641647202238,0.033211161066181556,0.10723461061931865,0.037135228686065815,0.006578812849844546,1.6425832410683807,0.3444591523098417,0,0,0,0,0,0,0,0.000205200664478291,0,0,0,0,0,0,0,0,0,0.003591188906406037,0.0005449740323510138,0.025303746305104933,0.0011220168925739882,0,0.007055622547752479,0.002986627355085241,0.002057222413365194,0,0,0,0.00021328593205025072,0,0,8.727060676400255e-05,0,0,0.009135670515835742,0,0.0003600630811808894,0,0,0.005263447905930925,0,0.07754470465929779
0.00019714987949116268,0.00010430713088248778,0,0,0,0,8.655240609776777e-05,0.008764883060834148,0,0,0,0.00024369054401747654,0.003959725246515303,0.004810891404140516,0.3554615123276875,0,0.0001250869817200954,0.03139738776265013,0.024125341190143066,0.1923556019098778,0.027293512518927032,0.06004288586736663,0.11437608568958464,2.9143145670472204,17.80766994676942,0,3.623953559687609,0.02659954838566284,0.11263225345807165,0.01432301754799667,0,0.009697728768918916,0,0,0.05615887117723948,0.00011819399789550074,0.008821095839977474,0.0001481929066643723,0,2.240460488715118,0.06790873321298276,0,0,0,0,0,0,0,0,0,0,0,0,0,0,0,0,0,0,0,0.001814081579386571,0,0,0,0,0,0,0,0,0,0,0,0,0,0,0,0,0,0,0,0.0004721606325743112,0,0.08958330919546813
0.05208018147880577,0.0004929489219895474,0,0.04229791052312545,7.738176865981859e-05,0,0.0021936997145106858,0.011631876480556384,0,0,0,0.00822353435465586,0.004858725259246206,0.007617059084887433,0.10762604218435011,0.0001722784721405974,0.0005223600227430188,0.013603698156169556,0.011416734192096923,0.09039488178916445,0.0015975612825242784,0.0013654200043436858,0.021274474944026227,0.0678997672946759,11.743076117454086,3.623953559687609,0,4.50010716465893,0.08672138575869763,0.007474379153409476,0,0.0085406557460747,0,0.01911424720161814,0.4707292413025114,0.040750588517613526,0.0923629474837368,0.07212005675274993,0.01655354608612047,4.411634826028624,6.243253290916507,0,0,0,0.001730185434670834,0,0,0,0.00017942620067293977,0,0,0,0.0005306943032739666,0,0,0,0,0,0,0,0.004014926708669664,0,0,0,0,0,0,0,0,0,0,0,0,0,0,0.0024548191503502128,0.00022199662263685033,0,0,0,0.00047231111139496226,0,0.09729231992424724
0.5905677178217736,0.01136677074642842,0.008360337657403141,0.20010043107545383,0.0008667332149868848,0,0.026207736022336555,0.014854361723903387,0,0.00272855033833132,0,0.027207740686495098,0.0021137540375631364,0.0009666646588400612,0.0006192883527519813,0.01095838140939205,0.01542832799887918,0.027743374520947266,0.028473560424610165,0.023630329841210617,0.00010562456668350771,0.003907531579759513,0.03888372542082449,0.04901904722853761,0.7225767071314126,0.02659954838566284,4.50010716465893,0,1.6858047165945613,2.182637195447383,0.0007694228466506038,4.225651146518717,0,0.2826493232160409,0.38217778982499057,0.05633372432140839,0.5300727541795848,0.1346597806363104,0.07435308846949755,0.3065273053839108,1.5957744720719211,0.0020548591421865226,0,0,0.016796064536505395,0,0,0,0.0009951192126528906,0,0,0,0.002321768219159364,0.00015819229361686588,0,0,0,0,7.799892386455626e-05,0,0.004856062373401846,0,0,0,0,0,0,0,0.00014736942477600656,0,0,0,8.137437952065803e-05,0,0,0.0014783602422552484,0.004802933230817541,0.0005988737116857349,0,0.001631511236816435,0,0,0.0673847231055989
0.03773375482841649,0.010223405227317366,0.0012904437126016167,0.004427828095354364,0.010534977050745027,0.012221613545510998,0.06957374672619991,0.025255410232062486,0.05389150661966187,0.023503876485622195,0.0001033284440591141,0,0,0,0.00159002641563523,0.027662144889134408,0.12418272799483092,0.14795966203120814,1.1461918044540929,0.06554832024316014,0.00307774602576772,0.010972557922626738,6.332362177904435,0.09558668529926471,31.80740449541379,0.11263225345807165,0.08672138575869763,1.6858047165945613,0,36.08089215409636,0.1712740803269309,0.16271744046774284,0,0.028736847006276264,0.26122039483442633,0.02763698323365491,0.174563768954543,0.07016480815366713,0.007191115139888242,0.44532246082396726,0.10423517243724173,0,0,0,0,0,0,0,0.0011311028586783619,0,0,0,0,0,0,0,7.378332546349845e-05,0,0.014208258534755944,0.0020728477849206585,0.035442090285540476,0.00018460989556044413,0,0.0039626271520660445,0.00017750691801033606,0.00011758528862890244,0,0,0,0.001845526805112533,5.535606853897099e-05,0,0,0,0,0.005493997696030968,0,0.0008751882550195033,0,0,0.00039356443507743507,0,0.05495687392211035
0.10392536195452312,0.035239170070018914,0.004031662153614879,0.009469983668247639,0.05052042935459047,0.047461587425776636,0.1103717334631197,0.04534410353591561,0.0445278461390733,0.044958207855790834,0.004913887322990184,0,0,0.0002541432979367751,0.00300626301660511,0.05499400199902087,1.373277727550195,0.1407576280448027,4.017661535161696,0.09776789320797495,0.008631619700690736,0.024676680052538112,1.7079393227655049,0.10845121153781018,0.2072983550670344,0.01432301754799667,0.007474379153409476,2.182637195447383,36.08089215409636,0,10.356274645529787,29.474297103164638,0,0.12195822914420701,0.23380531981068417,0.02872723974063081,0.31736379126583036,0.10616079985887528,0.004762723444648002,0.21127994351007928,0.049891531616319616,0,0,0,9.616584805362671e-05,0,0,4.371391174665286e-05,0.003580672446265527,0,0,0.000403027186259353,0,0,0,0,0.004654602749792471,0.0019219282248687506,0.02943260008133249,0.0018101368581120878,0.04075594003730103,0,0,0.0007862906135370158,0.00013334695235092778,0,0,0,0,0.0005863605510532932,5.383858595902936e-05,0,0.0004883136835176555,0,0,0.010624204121041541,0,0.0011035758375987298,0.00029896811324789537,0,0.0007276958998844777,0,0.07807526754526778
0.002892845305784552,0.0028869142990722405,0,0,0.023087149578710792,0.020157370522421312,0.03241309468689042,0.009274669861767825,0.0071629883675487175,0.012249039449990295,0.0001011775796413021,0,0,0,0,0.012760355005007013,2.606473998862916,0.018500701646790584,2.8059306176470327,0.015782683912888486,0,0,0.015247307622177292,0,0.0007418925149908277,0,0,0.0007694228466506038,0.1712740803269309,10.356274645529787,0,3.977124289014791,0,0.034768853591744885,0.01743215756341086,0,0.0792711400597545,0.02444172130966918,0,0.0008147084389138085,0,0,0,0,0,0,0,0,6.685265769585575e-05,0,0,0,0,0,0,0,0.0001064727565914955,0,0.0024852261955113104,0,0.0022247809417776463,0,0,0,0,0,0,0,0,0,0,0,0,0,0,0,0,0,0,0,0,0,0.01164707400019136
0.9780039505285864,0.09406881377873519,0.004065630784922783,0.0454613172079912,0.10385002039461867,0.434772004292852,0.052272175184799735,0.06703160421852768,0.004406940672461923,1.1779711472714742,0.04466834411100657,0.0015948304639368772,0,0.0019210761924839273,0.01840261557726203,1.4740301582823538,9.240284343927726,0.32482243811024425,0.4164845275096844,0.2632843356596519,0.028668204159148267,0.02546805400587009,0.2757042030482171,0.08660761387528913,0.07581545844984863,0.009697728768918916,0.0085406557460747,4.225651146518717,0.16271744046774284,29.474297103164638,3.977124289014791,0,5.976437008388937,5.978854027726436,0.24764574915390933,0.05010471632105861,1.0578906927268878,0.10982821534505866,0.003389627927740171,0.10749861317432131,0.06273725271586499,0,0,0,0.0009860733566987078,0,0,0.00016436285011979746,0.006756267155209472,0,0.0002724549953043095,0.005570526964676013,0,0,0.0004298664569534339,0.0001845988381122025,0.02692804242031257,0.013042967174827022,0.07523954562455044,0.005586511219529364,0.08711785886929796,0,0,0.000601824770334892,0.00020699352912905,0,0,0,0,0.0009522181261704354,0.0011823767618300322,0.0002033464981626475,0.007597931853851038,0,7.598787524292423e-05,0.02851647705451274,0.0005434590821423132,0.00517396878687654,0.0029808221768922944,0,0.003065880504622067,0,0.09780412538753121
0.0004930757823077203,0,0,0,8.467560781014444e-05,0.0019876778807451177,0,0.00011803888442409945,0,0.16967147576389296,0,0,0,0,0,0.9750736744974637,2.8517550883958505,0.008293278105827416,0.0002807522028476286,0.008339834848398942,0,0,0,0,0,0,0,0,0,0,0,5.976437008388937,0,3.6883954172643585,0.0017694326229904622,0.0010161021099193328,0.12178370304508354,0,0,0,0,0,0,0,0,0,0,0,0,0,0,0,0,0,0,0,0.00016463441538117047,0.0001912493510939291,0,0,0.00020556476964894547,0,0,0,0,0,0,0,0,0,0,0,0,0,0,0,0,0,0,0,0,0,0
10.286570293798052,0.3889627018960685,0.0002800929611802964,0.015351327305214912,2.6691404376940486,11.009164277134216,0.05629114301183597,0.10335979937127236,0.00184050240941334,4.785227802851128,0.007717647525952141,0.00035111327455795977,0,0,0.0002994391771075746,4.361850012888291,2.4410011948691364,0.12556714442151806,0.10286024633043092,0.06272169829992093,0.0003013141262944923,0.000202750380332324,0.05593886535282903,0.004206648742328335,0.004300694227603895,0,0.01911424720161814,0.2826493232160409,0.028736847006276264,0.12195822914420701,0.034768853591744885,5.978854027726436,3.6883954172643585,0,0.06639683059549673,0.029276135020417086,2.702491240852563,0.029542294469197955,0,0.002031121647119849,0.02797760896080327,0,0,0,0,0,0,0.0006145648292073304,0.006264720448168281,0.00019260623221285046,0.00022585789179802788,0,0,0,0,0,0.0011911380862350365,0.00036759337284892273,0.00562611619076005,0,0.012228257288594654,0,0,0,0,0,0,0,0,0,0,0,0,0,0,0.0014165251495180295,0,0.00016889252561917706,0,0,0,0,0.024400974574784684
0.12316575375278892,0.4455846705088832,0.11387677522112456,0.06303040546621942,0.47885076722506176,0.12429241821447436,1.085836904806516,1.7161285104940898,0.09688898554417132,0.6431680199459455,0.22803830118915108,0.007802407122867142,0.021641722284683775,0.028941131368325254,0.10385308388403729,0.4907570576658304,0.21095168243113385,0.6328566589614991,0.22015696970823334,0.6568877213095407,0.07881376676745429,0.06946256310462517,0.21034739359157534,0.17704321763634634,0.346641647202238,0.05615887117723948,0.4707292413025114,0.38217778982499057,0.26122039483442633,0.23380531981068417,0.01743215756341086,0.24764574915390933,0.0017694326229904622,0.06639683059549673,0,16.246115748665893,0.8463158076604406,0.9743843671836321,0.7122628860853463,8.214602368891406,2.4718277925346763,0.0004554667061117914,0.0021812146169684155,0.00031670552696762467,0.0026490667078363857,0.010240956993314428,0.013294937940153594,0.08775744929928563,0.3048094554428803,0.02765773813293798,0.034490688865948395,0.029038913965617637,0.002623755022377009,0.005216054341484708,0.0072737363129323105,0.0063948540008045285,0.014254189214814195,0.017766552948355555,0.07410073674036083,0.023131356686987133,0.1732031105870391,0.01660699868693578,0.0058481893504699345,0.03460751614115626,0.030941803829937477,0.013294031709049345,0.000691978107338402,0.0008346152208576767,0.00013445189876155523,0.008341725167574017,0.0075283128986256215,0.00028798594588855356,0.017733815481472383,0,0.0018447122137074932,0.8557625274865801,0.03267222071003087,0.048153858528584226,0.02854493989608339,9.30581407939217e-05,0.12199301426554184,0.032273795632732694,13.811615565287381
0.2940835084677766,0.8291697698174524,0.35025050887552733,0.22371217688934697,0.46274434958271726,0.08182472383735251,1.6986247155178573,1.051570994646681,0.0611211612274982,0.28872739648970064,0.07069970448799333,0.0038409691880035243,0.0028147904890771483,0.0012483428972193881,0.0009213891518043421,0.11318173270571631,0.04666995746822706,0.07171025331404912,0.024117962180769555,0.08359419295053978,0.00032602133064253745,6.755998876255407e-05,0.011377251865099877,0.004515702956694639,0.033211161066181556,0.00011819399789550074,0.040750588517613526,0.05633372432140839,0.02763698323365491,0.02872723974063081,0,0.05010471632105861,0.0010161021099193328,0.029276135020417086,16.246115748665893,0,2.828915084330967,1.1501331174665532,5.642421399538402,0.23515693425286346,0.16902117574275616,0.0014168562190760591,0.003074400258577689,0.001008843354904429,0.03266503433070049,0.00495447876759444,0.002069298386545991,0.058308520612853076,0.1573662712100583,0.002776275563405561,0.013178362357788236,0.015165941552223913,0.003716635217623269,0.0010229113607549197,0.0022316360181384083,0,0.0021381421366005707,0.0008508667914409005,0.0044767014192826395,0.0002635585951812967,0.02185638106019643,0,0,5.744669732628807e-05,0,0,0,0,0.00037329499433012646,0,4.329590047908934e-05,0,0.0005402275769097485,0,0.00017376267243331955,0.09578960308012964,0.02422936939036825,0.01977919314983398,0.0036615619845432657,0.004037470230698826,0.00023073450446977608,0,1.5393202620332693
