0,11.024746461988304,23.53230856725146,7.630729269005846,17.1840084502924,48.58958852941176,17.325060614035085,112.22440588235294,163.12414705882352,102.83683106508875,152.07564,48.681214583333336,85.60269117647059,119.90183292682927,151.20440909090908,112.48209795321638,112.5117832352941,160.4681198830409,149.94149411764707,164.33024999999998,172.51889108910893,161.97398447204966,156.09916666666663,152.51691520467836,139.5212888235294,140.0283253012048,59.276474852071,47.31738947368421,122.49649970760234,108.24463859649123,130.77629222222222,43.351188888888885,99.89397999999998,13.118892631578948,92.56520818713449,54.813697368421046,53.06847719298246,78.05939678362573,53.00409911242605,111.06588391812866,66.00296529411764,87.40220375,106.96333076923077,108.76794999999998,73.3847423076923,118.25825,156.845,136.02857470588236,146.37380690789473,143.388,171.64962500000001,189.286,77.18159827586206,102.50426,143.536125,179.96563636363635,201.75333333333333,194.59490000000002,217.61031603773586,216.73985294117648,204.11948427672957,0,0,234.4935789473684,181.73052500000006,0,0,79.6919,123.36185294117647,202.0570555555555,183.26749999999998,0,157.5970384615385,0,94.03211,164.56139615384618,77.0529761904762,140.83782738095238,159.433,64.37475833333332,175.29879166666666,102.8908,123.88533654970757
11.024746461988304,0,65.28640450450452,88.38548353658537,10.608596432748538,52.41203205882353,19.569136549707597,102.20648245614036,119.37142941176472,122.93136411764704,160.95376851851853,104.30926,108.77535,123.26150000000001,164.619625,136.75062235294115,126.30451205882355,173.1991169590643,160.0418625730994,176.7365892857143,184.7745606060606,174.6991654676259,173.3046900584795,166.3684298245614,165.20275892857143,162.1988333333333,155.1892701923077,117.96873958333335,151.6545058479532,139.20574269005849,144.5757205882353,93.2578716374269,118.33028229166666,49.86813713450292,83.17162953216373,53.38507076023392,59.23752807017542,73.55196812865496,70.51351690647483,135.98377865497073,136.76530731707317,113.52391595744679,109.83437416666668,113.52629824561403,108.93517876712329,118.90949673913045,132.64485714285715,121.0180394557823,134.1319640718563,142.66756250000003,165.886,0,103.41369166666665,130.8625,0,0,0,208.82099999999997,228.52326973684208,223.2428571428571,216.46104827586205,0,0,242.3329615384615,192.9362857142857,0,0,0,140.55,191.4355,188.47449999999998,0,162.83099999999996,0,144.3435,150.87640031847135,104.27503291139239,140.87197580645164,139.5788333333333,82.63335454545455,186.01925,150.4395,120.36427865497075
23.53230856725146,65.28640450450452,0,12.738839883040935,106.39847592592592,134.87025,12.663855467836258,28.227318362573097,144.02125,161.3195882352941,160.84480000000002,98.92535227272728,107.24630714285713,140.5996111111111,161.3515,165.29908928571427,172.0769777777778,193.1552268518519,186.53151515151518,187.79408677685953,190.16916666666663,179.70944444444442,191.26406481481482,175.19835950413224,165.86359375000004,150.77437500000002,124.41717391304348,119.88476304347827,147.48961363636363,141.49612403100775,157.04266666666666,133.25096729323306,0,98.7537,94.81317852941176,56.26532147058824,66.12333735294116,87.34046770186335,61.72206524390243,139.92385869565217,129.37381204819278,113.15926293103449,114.06742842105264,94.56457098765432,93.35578647058823,123.86036,135.244,119.01773293413177,121.12487647058823,135.19678571428568,162.76250000000002,0,105.00126782945736,134.11661538461541,168.70871875,199.01952941176472,0,0,232.62300000000002,238.8985,224.04774528301888,0,0,242.1105,0,0,0,0,135.3436,0,189.39100000000002,0,161.06212499999998,0,0,150.72777872340424,92.26444556962025,135.3264691588785,145.46975,84.75081470588235,160.00990000000002,119.195375,130.8422693939394
7.630729269005846,88.38548353658537,12.738839883040935,0,135.53892307692308,143.14633333333333,91.75752588235294,17.900552894736844,138.330125,152.51178125,139.83768,11.18628649122807,61.66016929824561,96.6004846153846,133.46537650602409,155.3840294117647,161.8556470588235,183.62871367521367,174.62405499999997,154.786783625731,173.8648611111111,166.373,177.2613738317757,161.6916472868217,136.5207321917808,131.79928333333334,78.83012740963856,71.3610274853801,124.59783082706767,121.14787894736843,141.33724999999998,88.25581616766468,0,59.25286795774648,100.90593970588236,57.35424766081871,64.26358771929824,89.83505625,49.365546491228066,122.89627030303029,87.80864017857144,79.15656235294118,106.91137946428572,73.35049298245615,25.64224093567252,123.76745689655172,148.90749999999997,110.73599561403509,79.7458461988304,138.15911111111112,164.4194,165.37625,32.90102719298246,80.60528011695905,120.61762337278105,157.88874269005848,179.72875,175.5365,216.57840625,207.41450000000003,176.7445350877193,194.42424999999997,0,215.74023999999997,186.1575238095238,181.1910588235294,203.14249999999998,122.37187941176471,119.51553283582089,165.01167647058827,160.5488867924528,0,139.36767073170736,0,100.17782111111111,141.60856706586827,69.51304707602338,113.41576729559752,127.88234130434782,61.69667840236686,160.94278235294118,108.51059930555556,140.48835748502995
17.1840084502924,10.608596432748538,106.39847592592592,135.53892307692308,0,13.858917397660814,15.888047836257307,84.09496959064326,76.69870476190475,86.36528859649123,150.2569238095238,107.0222,88.69513823529412,124.08675277777776,154.44374285714284,115.62884736842103,112.29550906432749,156.681716374269,137.76379824561403,169.6510058479532,182.26918750000002,176.8972865168539,171.94822352941173,175.6304375,182.07418750000002,174.81583333333333,168.16513076923079,135.23412147887325,167.06813450292395,149.11193859649123,137.01600920245397,109.420433625731,112.90239173228345,27.64610497076023,82.39278508771929,63.2914119883041,61.49976754385965,73.75687631578947,99.54101874999999,156.01831736526947,148.27589062500002,126.73792857142857,120.17890384615384,124.64200000000001,124.8085,120.88962500000002,127.71129464285714,118.08609053254438,120.56606111111111,130.0867234848485,164.35398245614033,186.35728571428572,116.81702142857141,108.81905833333332,163.572,0,200.52627777777778,200.64322727272727,222.58959745762712,219.7751785714285,208.5016274509804,0,0,245.71066666666664,196.33999999999997,235.361,0,0,0,236.54062499999998,219.24325,0,199.21492307692307,0,144.4579642857143,143.66974550898206,119.74947121212124,139.1088709677419,142.85050549450548,93.4223,196.46276923076923,199.10375,122.9706
48.58958852941176,52.41203205882353,134.87025,143.14633333333333,13.858917397660814,0,23.770082748538012,79.07133859649122,28.44491888888889,12.455080116959062,130.10173711340207,0,90.53315600000002,112.13942,152.1792307692308,66.63006111111112,86.47307660818714,124.79985470588234,114.27453538011696,159.8033253012048,179.52224999999999,170.0520625,164.31566981132076,182.17544565217395,178.52099404761904,0,124.46589444444444,119.32967260273972,153.1732130177515,134.9535,119.77739813664596,46.52920643274854,71.08175849056603,12.807740438596488,85.5048701754386,75.83941235294118,64.04119853801168,79.13773011695906,99.19787500000001,163.25971839080458,141.6152875,161.9495,134.23716666666667,140.4135,145.176,128.52953797468354,122.93262162162162,121.98858875739644,116.03600701754387,116.11032058823531,134.8314463087248,145.90408000000002,0,101.43299032258064,135.07112857142855,151.8825,171.50863333333334,179.12488888888885,201.63831609195395,200.0469605263158,191.27909401709405,0,0,229.75820000000004,0,222.6815,0,0,0,218.7539166666666,213.39060714285716,0,177.94771874999998,0,139.65395833333335,138.09836503067484,117.6739475,131.51076923076926,136.07409139784946,0,179.38981818181819,0,126.01324824561402
17.325060614035085,19.569136549707597,12.663855467836258,91.75752588235294,15.888047836257307,23.770082748538012,0,28.64163450292397,27.86860906432748,75.85456198830408,157.0806590909091,123.22728629032258,112.21530801526717,144.8370319148936,173.69403211009174,136.48541228070175,131.045283625731,160.27879239766082,135.0005701754386,178.7097865497076,195.47724609375,185.06806333333333,176.78694444444443,175.06628070175438,173.06049415204677,176.61977368421054,168.46953000000005,135.31098976608186,157.43869005847952,147.17627192982457,143.52421951219512,141.1289134502924,135.1311333333333,94.66510710059173,83.24598830409356,55.64172017543859,65.32775847953216,81.42063391812866,72.11981787878787,142.20860526315792,143.16485,132.57928768115946,117.98878439490444,121.06050679012343,116.87274424242426,118.34974556213018,122.10584315476189,110.17575964912282,111.71167163742692,119.56575558823529,160.36966467065866,180.9851121495327,113.21538451612903,119.89166666666665,165.97761764705882,198.91396875,198.0011411290323,206.3684605263158,227.93249704142013,224.07922818791945,212.9948596491228,230.0380652173913,220.14066666666668,244.2262548387097,222.30677272727277,240.09380701754384,0,203.8146,188.16778409090912,230.3848228346457,219.2373872180451,203.65436363636368,201.25240268456375,0,146.1210954198473,134.54359941520468,108.04814382352941,127.81135497076022,135.88490178571428,99.60833666666666,191.10482291666665,174.51529213483147,125.93544444444443
112.22440588235294,102.20648245614036,28.227318362573097,17.900552894736844,84.09496959064326,79.07133859649122,28.64163450292397,0,15.962166374269007,43.651640350877194,25.988683918128654,16.442163684210524,13.998614444444444,27.633554970760233,108.52450994152045,137.67543040935672,144.96990935672514,145.00438888888888,146.44889766081872,107.11120380116958,153.77209281437126,176.36351515151517,179.0261403508772,174.53959411764706,179.24706432748536,162.66565723270443,169.20770833333333,146.35308035714286,171.24046198830408,165.41240643274853,157.4549371257485,142.7944447368421,141.56925238095238,98.39808304093566,82.71049415204678,63.99012105263159,69.28850847953217,77.70129736842105,91.15419237804878,147.35362280701753,149.9255789473684,131.93567029411764,121.95268065476188,112.63759298245613,78.73560701754384,119.85172222222221,115.47753538011695,110.17618479532163,63.95882748538012,105.42511871345029,115.3629283625731,96.40582894736842,47.702387426900586,53.0953821637427,82.22430672514619,140.04844152046783,158.32918713450292,189.34007017543857,200.8383011695906,197.86467543859652,152.25844152046784,194.63150967741936,209.19357558139532,227.75931578947367,207.77019325153375,226.3488597560976,187.7064577464789,197.1622976190476,185.9467026143791,214.78351176470588,206.36050000000003,197.10502659574462,180.47480994152045,0,132.68020294117647,120.7456447368421,100.11604970760233,110.30289093567251,118.48310643274853,109.93442708333333,171.55395614035086,176.00520496894407,121.72420175438594
163.12414705882352,119.37142941176472,144.02125,138.330125,76.69870476190475,28.44491888888889,27.86860906432748,15.962166374269007,0,15.868066403508768,119.33606,0,108.76689722222224,108.55643928571426,0,88.05199558823529,106.0846134730539,101.01424269005847,102.83920438596489,158.49624958677688,0,0,135.39142138364778,0,153.79297014925373,154.35520000000002,171.15299999999996,171.0495,138.11136503067485,135.096753125,127.54213186274508,144.6544336601307,0,105.41450945945947,80.54093391812866,69.51139461077845,72.48276617647059,77.88693550295858,101.712875,166.11064285714284,138.5215,137.388,141.05125,139.7425,132.59949999999998,132.2332111111111,116.89111011904761,122.0460701183432,106.69226988304094,105.01181852941176,114.74150789473683,122.8671744,141.71249999999998,105.32377500000001,118.43478793103448,160.7245,142.9807572815534,169.53523148148147,179.6920708333333,182.54486936936934,178.31290625,0,0,204.89179032258065,0,216.29475000000002,0,0,165.6125,201.9407685185185,198.25390322580643,190.81166666666667,164.52694852941178,0,130.9657987804878,125.85821094674554,102.99938480000002,117.35169848484851,124.18178021582735,0,158.0311896551724,0,122.46872543859646
102.83683106508875,122.93136411764704,161.3195882352941,152.51178125,86.36528859649123,12.455080116959062,75.85456198830408,43.651640350877194,15.868066403508768,0,36.28247192982456,125.74950000000001,135.76143125,97.81373966942151,159.08327272727274,14.100606432748537,63.735467251461976,86.62375321637425,97.5534529239766,124.509181871345,160.88925,0,148.6558648809524,190.23627777777781,161.41039370078744,0,134.40160568181818,119.905119205298,138.1535029239766,128.40666345029237,114.59110993975905,30.178523976608187,35.65094210526316,19.713585380116953,70.12132923976607,64.8690865497076,60.572282748538015,65.10503479532163,110.73681999999998,132.85401282051282,127.90843357664232,169.51575000000003,168.63416666666666,160.85390000000004,161.52780000000004,166.19324038461536,138.08931292517008,162.77007055214725,115.49690438596492,117.0749058479532,116.92972222222221,110.54959941520467,0,126.02751875,116.46496549707604,153.0177,128.38292690058478,150.17946992481203,165.93849415204676,176.85545364238413,159.1931432748538,183.316,0,205.70592727272725,0,214.9452083333333,0,177.875,167.34116666666665,201.6180080645161,199.61666379310344,197.3705,166.67856451612903,131.1775,141.81503271028035,132.12033352941177,107.30253545454545,121.86955294117647,129.65475297619048,112.12469999999999,150.04745138888887,149.67282608695655,105.35336461988304
152.07564,160.95376851851853,160.84480000000002,139.83768,150.2569238095238,130.10173711340207,157.0806590909091,25.988683918128654,119.33606,36.28247192982456,0,108.15412685950413,65.9381647928994,11.576919502923976,78.32321984126983,34.24376988304094,89.9085094117647,47.59006871345029,129.37399494949497,17.613144152046782,103.65265333333335,0,126.65419230769233,130.411,141.474,119.9525,141.935125,147.4410294117647,143.6423157894737,135.0626503521127,115.04972735849056,99.51070207100591,80.20913988095239,103.24593651315789,79.57637485380116,80.64226812865496,84.90153421052631,83.86083245614034,120.18645000000002,118.80320153846154,124.60701724137931,172.54105000000004,186.8535,193.3665,167.4204,176.35425,151.60994642857142,181.8986798561151,90.82612573099415,131.4505913385827,110.39917719298244,72.81209824561404,125.6362019736842,90.1558343537415,63.53349649122808,102.5946595890411,117.88248508771927,121.31663198757762,124.9480409356725,147.3918947368421,98.85164239766083,138.1254583333333,0,177.82448780487806,0,172.39753846153852,131.85760000000002,162.9820882352941,167.822,165.71886956521737,162.47534466019414,129.81634782608697,139.56371646341466,119.44205357142854,133.52490697674415,114.84817923976608,105.19039233128832,113.9356230769231,116.75754573170734,0,126.1431606707317,147.15604285714284,117.22724853801168
48.681214583333336,104.30926,98.92535227272728,11.18628649122807,107.0222,0,123.22728629032258,16.442163684210524,0,125.74950000000001,108.15412685950413,0,18.692637426900582,62.86614210526316,103.95493684210525,153.804,156.36120000000003,173.91671794871795,165.8509375,117.46722339181285,143.45971698113206,149.49615,167.47056250000003,148.92656666666664,151.3955298969072,151.35125076923077,112.05284673202614,79.74350487804878,126.80427083333332,133.54994705882353,0,103.31664776119403,0,67.93022407407406,110.45298950617283,89.20632723577236,73.46414999999999,86.6533125,38.27777794117647,133.37207105263158,94.0591892857143,72.18066448275862,102.2267875,91.53172689655172,36.3523230994152,115.42911842105264,0,112.22432987421385,56.315277485380115,128.77125,137.04675,124.00731153846154,14.888636900584794,42.53196081871344,93.79453742690059,128.20455263157893,0,174.68400000000003,200.57470833333332,0,141.41621052631578,162.7480982142857,166.05864285714284,207.2604444444444,167.42173529411764,0,175.81233333333333,157.41522142857144,109.68853728813559,162.89156250000002,155.99895454545455,0,133.59814705882354,0,85.77138888888888,132.25659,83.91668687500001,102.74188160000001,114.47909032258065,48.36512678571429,157.8560483870968,96.42994761904761,157.12403861788624
85.60269117647059,108.77535,107.24630714285713,61.66016929824561,88.69513823529412,90.53315600000002,112.21530801526717,13.998614444444444,108.76689722222224,135.76143125,65.9381647928994,18.692637426900582,0,21.616757894736843,67.59280292397662,140.35895000000002,142.5512,166.64853804347825,179.93110000000001,83.41882573099416,113.11532142857143,125.20929866666667,188.71316666666667,128.59948245614035,155.05814141414143,128.10461855670104,133.31936151079137,116.86828140495868,160.43354545454545,165.0899,0,139.26640116279071,0,105.41875000000002,103.85783203592814,93.60815470085471,90.70127727272728,95.89547239583334,66.90472411764706,120.99876257861634,121.32041388888888,106.65342391304348,118.1875,121.43998793103448,79.50430233918128,101.09250357142857,94.0640947368421,111.68492305194808,49.59398362573099,96.09167499999998,123.2792074074074,94.13190791666666,28.562016959064326,10.694894356725145,47.36322134502924,95.23454298245613,159.6424090909091,164.0725,181.4059677419355,188.05975,107.70525380116958,133.65198876404494,137.7787272727273,207.881875,147.9981,177.3849,145.72161764705882,165.39430000000002,142.71824999999995,186.23000000000002,165.007,0,155.04825,0,104.40693846153845,114.94967767295597,104.44507165354332,99.56653702290075,100.4783244047619,73.08111555555556,151.6244659090909,132.7662,140.07759937888198
119.90183292682927,123.26150000000001,140.5996111111111,96.6004846153846,124.08675277777776,112.13942,144.8370319148936,27.633554970760233,108.55643928571426,97.81373966942151,11.576919502923976,62.86614210526316,21.616757894736843,0,19.71654064327485,99.56082154471548,98.03468177083332,121.17867073170731,148.25585833333335,33.820560818713446,79.22590462962964,92.64226700000002,183.74633888888889,97.95142846715328,128.79246205357143,90.14326944444444,116.11553066666666,143.2834861111111,151.9360333333333,145.14664117647058,109.15776666666666,120.25194646017698,78.76345,110.78629069767443,103.08413029411764,111.31611259842519,110.46780476190474,111.79494803149606,100.60315642857144,86.7856,130.6850364485981,142.5099758064516,0,160.6621875,118.06342339181285,145.30849999999998,123.47428863636362,162.13563135593222,77.43161403508772,110.900398,112.24979664634148,63.82174941520468,79.55504590643275,37.672135380116956,13.00067923976608,40.817162865497075,116.18886942675162,111.67098835616439,135.1040743902439,142.31721428571427,65.06292660818713,102.1063873015873,107.96543965517242,181.28567857142858,122.7456669642857,156.9734090909091,120.3997,143.4388620689655,169.97325,162.5383684210526,153.50280000000004,121.512475,135.74700909090907,105.0264,120.44166666666666,121.67277590361445,116.26451171875001,118.3956043478261,116.68383225806453,110.19755396825396,118.72352886178864,148.9332222222222,137.63571054216868
151.20440909090908,164.619625,161.3515,133.46537650602409,154.44374285714284,152.1792307692308,173.69403211009174,108.52450994152045,0,159.08327272727274,78.32321984126983,103.95493684210525,67.59280292397662,19.71654064327485,0,128.7160452380952,91.1292821167883,87.98211140350877,95.59427101449276,12.81656543859649,41.26619356725146,32.51582807017543,116.01554557522122,8.1690833625731,75.10987953216373,29.567482456140343,67.33811432748539,140.01081386861316,115.79941194029851,123.55369761904763,102.635571875,107.78187181818181,75.69595,111.1598336448598,77.17677192982457,128.95466304347826,112.3022671597633,103.80388407643314,132.95347457627116,38.744786549707605,99.83181993670887,173.45080487804876,0,185.28390000000002,154.6394451219512,0,160.5895,191.19231967213116,135.80352339181286,155.297125,148.15481818181817,99.80367072072073,119.26968742690057,89.28142953216373,31.90683713450292,14.127644064327484,131.27133545454546,107.56679999999999,119.28693816568047,118.16283860759492,45.15704707602339,80.35711080246914,81.35624226804123,150.1710057471264,87.09171297709923,142.50179487179486,104.19846607142856,128.37017258064515,170.3605,136.99349999999998,142.0276018518518,102.88351,137.8827447368421,0,129.23350000000002,120.69535935672513,143.48323092783505,141.9793971962617,125.89193135593219,144.00428125000002,104.87386577181206,140.64196153846154,116.20917529411766
112.48209795321638,136.75062235294115,165.29908928571427,155.3840294117647,115.62884736842103,66.63006111111112,136.48541228070175,137.67543040935672,88.05199558823529,14.100606432748537,34.24376988304094,153.804,140.35895000000002,99.56082154471548,128.7160452380952,0,14.647026900584796,26.226387719298245,71.40924181286549,74.11498508771929,137.373,0,143.54497922077923,188.171,150.209170940171,108.0735,124.13812959183672,112.64908850931677,125.91178654970759,115.30034707602339,100.78395588235296,34.72967397660819,23.468919005847955,25.49062280701754,70.33992573099415,81.77114502923978,62.81326403508772,67.0079207602339,115.51727909090907,128.64107354838708,122.8578481884058,185.26387499999998,0,0,0,186.43580769230772,171.40294444444444,199.5208389830508,171.21302923976606,160.07400746268658,139.81705294117646,119.32103391812866,0,157.173375,118.17116163522012,135.75252083333334,129.8929385964912,132.79908484848482,138.1218567251462,159.09421666666668,133.03376608187133,155.2473333333333,0,179.14561290322584,0,184.484,141.4245,169.0,187.99933333333334,175.7700625,176.34526886792452,145.5008275862069,151.10309433962266,132.53505102040816,150.47542338709673,137.2205061764706,131.7900115942029,143.7534803921569,141.8423992248062,0,144.95574273504278,153.07708333333332,101.57807222222222
112.5117832352941,126.30451205882355,172.0769777777778,161.8556470588235,112.29550906432749,86.47307660818714,131.045283625731,144.96990935672514,106.0846134730539,63.735467251461976,89.9085094117647,156.36120000000003,142.5512,98.03468177083332,91.1292821167883,14.647026900584796,0,38.40955263157894,16.643195906432748,90.45896403508772,116.58766145833332,139.40222500000002,117.06190499999998,156.3651235955056,134.01474939024394,130.47235483870966,130.22322703703708,114.63841815476191,94.65172368421051,49.983394736842115,29.656870467836256,23.95500614035087,17.7280216374269,38.92683421052631,75.3578461988304,96.35986578947367,63.41802251461988,76.20768859649121,121.24767784810126,115.83291294117649,115.93072324840763,200.37314285714285,206.4965,0,179.6715,195.51649999999998,184.29747222222224,200.7729705882353,186.09946198830409,173.46482236842107,159.42504999999997,128.44877215189874,173.71,158.01425,111.74103260869566,114.1036606666667,131.8883705882353,131.85229591836733,133.45019117647058,148.19219424460434,124.67408771929824,146.5407,151.553,180.44844845360822,163.17540909090908,182.4126578947368,140.12375,173.99850000000006,188.8244375,171.87121875000003,169.82932258064514,140.05196052631575,152.43706122448978,132.57963043478262,152.06964814814813,139.80838529411767,148.98694615384616,150.11330263157893,148.0907222222222,164.40890000000002,143.00372916666666,163.21883333333335,111.42552777777777
160.4681198830409,173.1991169590643,193.1552268518519,183.62871367521367,156.681716374269,124.79985470588234,160.27879239766082,145.00438888888888,101.01424269005847,86.62375321637425,47.59006871345029,173.91671794871795,166.64853804347825,121.17867073170731,87.98211140350877,26.226387719298245,38.40955263157894,0,13.919234005847954,23.237953216374265,22.766162865497073,62.45933304093567,25.377484795321635,78.00487777777778,87.9043134502924,96.37633888888887,132.85325892857142,141.3941882352941,102.8711596491228,115.46300701754384,111.44763771929823,106.97739736842105,88.99549382352942,104.97519590643276,86.43483976608186,120.05927105263157,88.59864707602338,88.98439210526315,136.9989852071006,92.62358450292396,117.75306929824562,225.27434913793098,231.85066666666665,251.25966666666665,212.33066666666664,227.56299999999996,208.03413265306122,231.20085416666663,202.44053801169596,187.20677927927926,173.9885705882353,138.47623343195266,198.01554166666665,186.2256931818182,137.53702048192773,121.04878099415204,145.1014882352941,138.3736160714286,136.96987426900583,144.70234705882353,122.58802339181285,142.00111988304093,142.13581470588235,165.34885087719297,143.996305,176.28160294117646,161.33342857142856,181.986808988764,202.64358518518517,169.30393529411765,173.6289526627219,143.5074866666667,165.09473976608186,140.98967045454543,170.6037201257862,137.13896637426902,165.29465384615384,162.71733333333336,157.7242029411765,179.163925,137.85930116959062,172.9238727272727,118.50884795321636
149.94149411764707,160.0418625730994,186.53151515151518,174.62405499999997,137.76379824561403,114.27453538011696,135.0005701754386,146.44889766081872,102.83920438596489,97.5534529239766,129.37399494949497,165.8509375,179.93110000000001,148.25585833333335,95.59427101449276,71.40924181286549,16.643195906432748,13.919234005847954,0,84.07372894736842,95.32013489208634,117.00938333333335,18.48781549707602,106.66422529761904,79.39244385964912,94.89278579881658,127.55345121951223,132.22678947368416,66.60337573099416,37.15638070175438,27.085693567251457,89.46773362573099,91.1482702586207,101.51587192982456,93.5484260233918,130.59855204678365,87.95916461988304,89.7953149122807,131.5172060810811,97.68122923976608,110.57617192982455,217.44816666666662,0,0,199.6349,219.31375,197.78543902439023,218.6881223776224,193.36797076023393,181.16145864661655,178.51832371794873,156.58030136986298,0,0,139.86501785714287,123.05059462365593,163.98042272727272,148.47179166666666,145.12437719298248,149.34402922077925,128.28671052631577,143.70491290322582,144.56685,169.56916770186334,154.65120000000002,176.40063913043477,156.43999999999997,181.918375,200.7315606060606,172.40990604026845,179.28915289256202,145.30523684210527,177.76512213740457,127.73949999999999,174.84628260869565,151.79518823529412,177.32310550458715,172.40843949044586,168.52513671875,171.16433333333336,149.0354967105263,175.16567452830188,125.52384736842104
164.33024999999998,176.7365892857143,187.79408677685953,154.786783625731,169.6510058479532,159.8033253012048,178.7097865497076,107.11120380116958,158.49624958677688,124.509181871345,17.613144152046782,117.46722339181285,83.41882573099416,33.820560818713446,12.81656543859649,74.11498508771929,90.45896403508772,23.237953216374265,84.07372894736842,0,10.885165058479531,16.648703479532163,90.60695350877192,18.328274707602336,100.27363187134502,66.43422923976607,100.30447046783627,143.38965497076023,117.86175321637425,121.14993976608186,113.3329428994083,103.86976198830408,89.40192185628743,109.12841374269006,82.17132485380117,118.06320818713452,98.81526812865496,95.16294152046783,139.03753658536587,64.96841345029239,117.80507631578946,206.85195597484275,217.06938118811883,222.9089802631579,177.62096428571428,209.12314814814815,192.67721681415927,212.76212573099414,148.6708596491228,178.6812569444444,157.66911403508772,96.9304567251462,132.2669005847953,100.32574766081872,53.98965058479532,43.857020760233915,131.0768216374269,125.19003823529411,123.3951461988304,130.6760789473684,44.51275555555555,94.69109298245615,103.05216169590642,148.57160233918128,109.16353391812865,159.3570058479532,136.66678545454548,161.30390773809523,188.73544311377248,154.27829239766078,159.18774117647058,129.48062578616353,150.6245438596491,128.14762941176474,155.18059393939396,120.55404824561403,147.82073099415203,145.21628070175439,138.00553216374266,167.33338372093021,120.36689415204675,159.06987352941178,121.77346491228067
172.51889108910893,184.7745606060606,190.16916666666663,173.8648611111111,182.26918750000002,179.52224999999999,195.47724609375,153.77209281437126,0,160.88925,103.65265333333335,143.45971698113206,113.11532142857143,79.22590462962964,41.26619356725146,137.373,116.58766145833332,22.766162865497073,95.32013489208634,10.885165058479531,0,14.731724064327485,35.82747523391813,38.01269532163742,98.5240312865497,76.47966863905326,115.54530555555556,147.24469262295082,123.06838907284768,133.0221130952381,117.24230135135136,122.68107573099414,86.3558,123.92300123966942,95.74246637426899,146.2267339449541,111.78690730994153,106.00418553459122,135.86449999999996,76.35706169590644,123.32887414965985,197.45616666666666,0,0,172.0805,0,0,0,181.1792748344371,0,0,0,148.85764084507042,119.7817342696629,89.5882543478261,71.66999969325154,0,139.64190000000002,124.64558040935671,141.9966017699115,73.67821695906432,32.10322339181287,56.83168216374269,145.80103391812864,84.07487982456139,151.0666812977099,125.19171842105261,162.5005,174.91316666666665,160.15495054945058,170.11045967741936,0,169.12574342105262,0,0,125.1842,171.4555,159.93940123456787,146.9445,0,117.95803043478261,153.00213636363634,134.54141411764707
161.97398447204966,174.6991654676259,179.70944444444442,166.373,176.8972865168539,170.0520625,185.06806333333333,176.36351515151517,0,0,0,149.49615,125.20929866666667,92.64226700000002,32.51582807017543,0,139.40222500000002,62.45933304093567,117.00938333333335,16.648703479532163,14.731724064327485,0,29.006286725146197,13.756880175438598,74.47341088235294,58.62683402366864,110.04137350993378,134.61539240506326,117.47598909090911,125.28596764705884,113.63998,127.04475294117647,0,134.2801637614679,94.96586608187135,151.73161827956991,109.6241230994152,108.78729391304348,134.10845454545455,69.243299122807,117.21983321917804,184.44876190476188,187.94425,0,168.68425,0,0,213.10933333333332,196.72902884615385,0,0,0,153.04060714285717,121.25598235294119,97.19162352941177,69.14021611570249,0,0,116.82835094339622,152.3317205882353,78.60444444444444,27.446395701754383,25.897902339181286,99.17686842105263,32.92312865497075,125.6531092105263,108.23956923076923,144.233,165.36726666666664,148.26909027777776,155.32130597014927,0,159.223582278481,0,0,117.09597192982457,163.195,147.34596226415096,0,0,107.18194,139.2733846153846,132.55325892857144
156.09916666666663,173.3046900584795,191.26406481481482,177.2613738317757,171.94822352941173,164.31566981132076,176.78694444444443,179.0261403508772,135.39142138364778,148.6558648809524,126.65419230769233,167.47056250000003,188.71316666666667,183.74633888888889,116.01554557522122,143.54497922077923,117.06190499999998,25.377484795321635,18.48781549707602,90.60695350877192,35.82747523391813,29.006286725146197,0,23.189638538011696,35.22060087719298,76.0075812865497,124.9169931547619,136.19060233918128,22.087969298245614,38.82518245614035,90.13024201183433,109.46614356725145,102.81480000000002,118.76525614035089,104.08825087719295,150.27048830409356,99.79232982456139,100.87835380116958,137.91143865030676,93.69639678362573,114.31384298245614,0,0,0,189.78074999999998,0,0,245.90257352941177,229.0249413580247,203.72137500000002,194.35418421052628,182.87475,0,0,179.02375,139.01693387096773,178.66466666666665,173.19795454545456,168.63106140350877,168.2719886363636,137.77127485380115,152.69885294117648,141.66056,169.5649298245614,141.53440384615385,176.91678731343282,167.93436666666668,181.97537499999999,229.93,190.3331071428571,205.51940476190478,0,213.11570394736842,0,196.54149999999998,148.8474546783626,209.14499999999998,190.38791732283468,182.54976470588235,172.39583333333331,138.6931825949367,182.4361129032258,130.24671081871347
152.51691520467836,166.3684298245614,175.19835950413224,161.6916472868217,175.6304375,182.17544565217395,175.06628070175438,174.53959411764706,0,190.23627777777781,130.411,148.92656666666664,128.59948245614035,97.95142846715328,8.1690833625731,188.171,156.3651235955056,78.00487777777778,106.66422529761904,18.328274707602336,38.01269532163742,13.756880175438598,23.189638538011696,0,12.137828128654968,19.361062953216376,86.41050116959065,119.35951578947369,97.29621140350878,112.31996812865496,135.18995161290323,120.73015233918127,0,135.9197628742515,90.40530380116958,150.0110892857143,105.01954356725146,111.46972602339183,126.75029710144926,51.42554239766082,109.35756900584795,187.23480769230773,201.496,195.288,179.00008333333335,229.37566666666663,0,224.50294230769228,210.61280794701986,0,0,0,160.70473684210523,137.0588125,107.12761666666667,73.82388712121211,0,193.85866666666666,160.11371687116565,167.4305,102.20676432748536,90.51156023391812,68.16493304093567,78.49141988304093,22.63168628654971,123.94003216560512,117.35214571428571,150.51549999999997,171.57238000000004,159.78576699029125,165.4166686746988,0,173.39302873563216,0,0,118.29588654970757,188.70659090909092,161.79117256637164,144.98250000000002,139.13599999999997,101.9796870481928,146.01945,108.36473362573098
139.5212888235294,165.20275892857143,165.86359375000004,136.5207321917808,182.07418750000002,178.52099404761904,173.06049415204677,179.24706432748536,153.79297014925373,161.41039370078744,141.474,151.3955298969072,155.05814141414143,128.79246205357143,75.10987953216373,150.209170940171,134.01474939024394,87.9043134502924,79.39244385964912,100.27363187134502,98.5240312865497,74.47341088235294,35.22060087719298,12.137828128654968,0,10.792755555555555,10.026143801169589,31.51134450292398,11.341136286549707,79.09870321637426,119.09543749999999,117.53642865497075,0,131.80584678362573,86.97620029239766,128.08395847953216,101.25252953216375,101.11382426900583,105.910003125,40.46132690058479,46.64203976608187,158.19299999999998,0,0,147.88049642857143,0,0,235.49279032258065,221.62042156862748,222.29433333333333,210.3163,176.405625,166.6338975,175.85000000000002,158.23163636363637,137.3847119047619,191.42491666666666,183.47323684210525,180.14502409638555,178.83146190476194,154.15409064327486,158.93559642857144,146.94147128712873,182.58866451612906,127.40050569620254,144.7972036764706,139.6961111111111,162.35075,180.98583333333332,184.39681481481477,198.68418292682927,0,204.55861956521736,0,0,142.23580917159765,167.3298708333333,170.68851388888888,156.97490909090908,116.62412222222221,123.68531174496641,154.10912962962962,114.93501520467836
140.0283253012048,162.1988333333333,150.77437500000002,131.79928333333334,174.81583333333333,0,176.61977368421054,162.66565723270443,154.35520000000002,0,119.9525,151.35125076923077,128.10461855670104,90.14326944444444,29.567482456140343,108.0735,130.47235483870966,96.37633888888887,94.89278579881658,66.43422923976607,76.47966863905326,58.62683402366864,76.0075812865497,19.361062953216376,10.792755555555555,0,15.972850029239765,85.56768242424243,65.4021125730994,103.80111911764706,127.02791666666664,121.04164444444444,0,134.867641,89.72737690058479,134.86406018518517,110.18532941176471,106.96531,103.83454821428569,20.38762894736842,48.43262807017544,0,0,0,0,0,0,0,186.81909615384615,0,0,143.10649999999998,168.7473181818182,150.01965,129.8575833333333,98.83874772727272,0,0,171.07693421052633,166.4938571428571,138.97507030303032,145.80853030303032,122.6941,181.0639253731343,115.995356,154.0883125,111.42175,0,0,174.19741666666667,182.7355,0,0,0,0,126.18007227722772,0,122.3855,0,107.759,100.19160090909092,0,63.669045321637434
59.276474852071,155.1892701923077,124.41717391304348,78.83012740963856,168.16513076923079,124.46589444444444,168.46953000000005,169.20770833333333,171.15299999999996,134.40160568181818,141.935125,112.05284673202614,133.31936151079137,116.11553066666666,67.33811432748539,124.13812959183672,130.22322703703708,132.85325892857142,127.55345121951223,100.30447046783627,115.54530555555556,110.04137350993378,124.9169931547619,86.41050116959065,10.026143801169589,15.972850029239765,0,7.774453245614035,64.42482352941177,114.67312636363636,140.13355555555557,115.21529613095238,0,65.05977689655172,72.35788040935672,104.92979735294116,67.25061352941175,61.41580059171598,75.44764367469881,25.13284795321637,13.343513187134501,113.46624411764705,0,123.1465,104.64582254901961,243.333,0,207.8109,197.51086111111107,0,165.8425,169.3396666666667,127.72588255813949,158.95540476190476,152.91170588235295,130.43128181818182,176.21749999999997,173.2132,182.8965,181.4762954545455,161.86311585365854,168.97923076923075,128.235,195.8265487804878,148.9832258064516,169.36983333333333,0,0,132.19,188.83116666666663,184.85750000000002,0,179.819,0,0,124.21454751552795,112.13946911764705,145.81868928571427,0,86.18051944444443,121.5966146788991,121.33600000000001,79.1101014619883
47.31738947368421,117.96873958333335,119.88476304347827,71.3610274853801,135.23412147887325,119.32967260273972,135.31098976608186,146.35308035714286,171.0495,119.905119205298,147.4410294117647,79.74350487804878,116.86828140495868,143.2834861111111,140.01081386861316,112.64908850931677,114.63841815476191,141.3941882352941,132.22678947368416,143.38965497076023,147.24469262295082,134.61539240506326,136.19060233918128,119.35951578947369,31.51134450292398,85.56768242424243,7.774453245614035,0,23.460143421052635,21.33771915204678,114.00020442477876,13.418047982456141,84.6651,36.838653508771934,80.87509941520467,101.63618596491229,47.84271345029239,58.87082485380117,66.45227163742689,65.61465233918129,28.469226608187135,114.97121835443039,0,132.93062500000002,97.62105548780488,0,170.7785,192.37596153846152,182.54444604316546,154.95,167.4960714285714,169.47825,99.69406612903225,127.92953846153848,164.53636956521737,184.86366666666666,173.76225,183.70425,197.05587931034484,198.3782211538462,184.65787499999996,191.2371153846154,165.36,216.58957333333333,174.39365909090907,182.28254166666665,0,124.16725000000001,149.53466666666668,182.42825833333336,180.32246052631578,0,175.92474489795916,0,125.538325,148.07568553459117,111.69270394736841,130.5407723577236,124.58711470588233,85.74007201834863,155.9343970588235,122.12233166666668,99.416532748538
122.49649970760234,151.6545058479532,147.48961363636363,124.59783082706767,167.06813450292395,153.1732130177515,157.43869005847952,171.24046198830408,138.11136503067485,138.1535029239766,143.6423157894737,126.80427083333332,160.43354545454545,151.9360333333333,115.79941194029851,125.91178654970759,94.65172368421051,102.8711596491228,66.60337573099416,117.86175321637425,123.06838907284768,117.47598909090911,22.087969298245614,97.29621140350878,11.341136286549707,65.4021125730994,64.42482352941177,23.460143421052635,0,11.721664385964912,63.85153918128655,88.96986461988304,106.5845,119.7247730994152,90.68000789473685,126.01623157894737,94.70900935672513,103.47674795321637,93.70122621951221,55.00135526315788,63.27751052631578,213.40216666666666,0,154.165,150.47271136363634,0,207.783,230.51017333333334,218.18771257485034,204.31302380952383,200.94885294117645,173.51152000000002,162.70678571428567,0,174.495,144.37735576923077,180.50895070422538,174.1960064102564,173.44651775147926,174.41864015151512,155.81664619883043,162.51248387096774,161.178935483871,188.8786423611111,162.14149099099095,182.89569411764705,176.5765,185.654,176.70430555555555,185.49689565217392,194.94901098901096,172.7535,195.91519417475723,0,187.467,168.67615476190477,184.85407575757577,164.13008485915495,172.21783030303033,111.55004000000001,160.02620901639347,160.18366226415094,139.49503450292397
108.24463859649123,139.20574269005849,141.49612403100775,121.14787894736843,149.11193859649123,134.9535,147.17627192982457,165.41240643274853,135.096753125,128.40666345029237,135.0626503521127,133.54994705882353,165.0899,145.14664117647058,123.55369761904763,115.30034707602339,49.983394736842115,115.46300701754384,37.15638070175438,121.14993976608186,133.0221130952381,125.28596764705884,38.82518245614035,112.31996812865496,79.09870321637426,103.80111911764706,114.67312636363636,21.33771915204678,11.721664385964912,0,19.341626900584796,14.643964795321637,97.89607009803923,100.1548760233918,91.86557631578945,126.77598274853801,87.96102280701753,99.55883099415206,97.69859775641025,68.21895350877192,78.38967631578947,193.58200000000002,0,0,154.40388124999998,237.44983333333334,212.33069230769232,223.99746428571427,211.02078529411767,199.03563207547168,196.90344871794866,168.12337096774192,160.9749,177.181,152.65326923076924,148.97219841269842,174.90881249999998,168.64449122807014,171.26485087719297,179.6441434108527,158.74016081871343,173.99131192660548,170.43360975609758,204.87580281690143,169.20753097345133,200.5189358974359,199.839,203.33249999999998,188.7344761904762,195.18575210084035,198.7211030927835,170.62878125,192.37752734375,0,189.36509999999998,172.09486470588234,185.23560714285713,168.65026415094343,179.9502543859649,115.96170500000001,168.77514539007092,170.96236363636365,133.26432923976606
