0,11.76038570412978,0.27700915749163096,11.2353336547774,2.0056944106751753,0.16686988182905477,2.8711768661900785,0.02905149090852562,0.0004427785232010645,0.026084749483458906,0.0006042463508075308,0.03600605818931388,0.004405018169264288,0.0023844327797431573,0.0015478096834827765,0.028100527680341335,0.04784085951134183,0.02396168587672092,0.02576268376436993,0.013884634881763806,0.0031256463310447707,0.010281188988766744,0.0407839072105797,0.041967030671368546,0.02686085759548129,0.0028074742852271014,0.05848250428702864,0.5905677178217736,0.03937468532739645,0.10392536195452312,0.008447947533184065,0.9780039505285864,0.004755416302011255,10.286570293798052,0.1233453392311511,0.29358080123212665,0.7745399312252432,0.05883433109270145,0.131550747611015,0.03463458944138551,0.060137531143360734,0.007909307586274984,0.0009763192179408526,0.0029238496894911747,0.041029085768481945,8.660896707070102e-05,3.093935077239808e-05,0.004699183455629758,0.011156512088126243,3.651426402609538e-05,5.942426638400149e-05,8.732958385627266e-06,0.00822545582415341,0.0007854545599022219,0.0004655081179175786,0.00040477224395926676,4.755693463005573e-05,6.794516997432502e-05,0.0022556822467265482,0.0002418930460939092,0.006064241058635976,0,0,0.00024853132271471993,0.0004131537956108928,0,0,3.1876038738794525e-05,0.0005651771041793092,0.00011529563560528478,7.211808069704062e-05,0,0.0002820747173477414,0,0.00018870284883143964,0.003815391378919689,0.01237292718327591,0.0010782269689490417,1.1106686965417589e-05,0.005956588117048002,0.00018024066674831492,5.3479011173480267e-05,0.03754124821364622
11.76038570412978,0,0.01508906853245875,0.005628207485375554,8.949549248676563,0.17489202465715362,3.1602779122792284,0.04343021574339574,0.002999711409713328,0.02154046467739753,0.0013619621244476082,0.0001485106720460976,4.022612964482422e-05,1.853701069570357e-05,0.0001477274972756735,0.019039312413654585,0.04259262717283406,0.016569664191036004,0.01977939524553376,0.010510410138099053,0.0014795808111168233,0.005669060524746879,0.020159409630626086,0.023497027337039112,0.013418671592712771,0.0007398661806195921,0.0038232902074168715,0.018202503780071256,0.01620917131944906,0.03688598462200639,0.0078660141087863,0.09419624799627792,0.0017603636455191553,0.3889627018960685,0.4455846705088832,0.8291697698174524,0.5965346232765365,0.10306153022635525,0.023751889709141466,0.027981062911378633,0.014568380178985898,0.0033940917921001083,0.00648092234450984,0.003630758375436575,0.005611807442256891,0.0030638792484120217,0.0002638571724861293,0.026162191672102455,0.02760447585136051,0.0003073429963003329,0.00023638371225097684,0,0.00036896661302417995,2.803667300124777e-05,0,0,0,2.7935116100537014e-05,0.0011994042207168988,9.618071371960713e-05,0.003768630834444663,0,0,0.00016980628587116205,0.00011776399537274185,0,0,0,2.6272950804850853e-05,9.638502815289821e-06,4.891741657212785e-05,0,0.00012450665510584962,0,4.246275248713097e-05,0.008997824155245776,0.007031999399038392,0.00234686935610632,0.00030560309436466766,0.0007126138400353834,5.532038735110691e-05,2.0838619330936666e-05,0.1029751149219159
0.27700915749163096,0.01508906853245875,0,1.5998752596025534,0.0008591741878929304,0.00010849724050688278,2.201274910126095,0.5620396730799295,0.0002458784365508359,0.0009447472616077335,8.999915682028484e-05,0.002964297612198851,0.00022005155175771926,0.0002142718541390968,5.0618995100229555e-05,0.0007252145803475817,0.0011162299625053448,0.00298202427107454,0.003152318146786816,0.0033734595010255753,3.77905264772834e-05,0.00024023297775570634,0.0032149182599248627,0.004934052994574733,0.003881618833403238,8.024237406285768e-05,0.0007010283311958013,0.013457079128339511,0.004759682822560797,0.00876038208532909,6.712422895163853e-05,0.00920855535417707,0,0.00384480097888999,0.11442021207543324,0.3505403859029263,0.2539323547792363,0.023751079382831084,0.09139095333464269,0.006063999903337724,0.0031175843483381284,0.007679746965460512,0.006741703976655409,0.02773439138518513,0.06341640066803222,0.0012269218074763117,0.0001636172958215191,0.03794448891776435,0.06595590978068641,0.0003108076108588512,0.00027429814702272664,0,0.00792381875109328,0.0003563355434161635,0.0003427791683707095,0.00027015797572675475,0,0,5.500723574198259e-05,9.33033266437363e-06,0.002099974616948537,0,0,9.730714502073231e-06,0,0,0,0,0.00013889533795616071,0,1.286185343350429e-05,0,5.867679839657211e-05,0,0,0.005599947067782021,0.019505439456684957,0.0036523810893931558,2.940048284999351e-05,0.0037030753407197676,0.00013583238687812346,0.0001139131533881313,0.021427582199340985
11.2353336547774,0.005628207485375554,1.5998752596025534,0,0.00028769626183832434,5.3319881043005224e-05,0.029598073141572097,5.141506540335494,0.00011223584842048461,0.000794737960702916,0.0016699079903939227,9.928568056918094,0.09084550557129517,0.049773997934740966,0.022479269962787433,0.0008092713630772862,0.0011814702776961126,0.0034219973588290715,0.0031368350337180953,0.024458898607732094,0.0003933370339417092,0.00044181413394237787,0.003418688003138382,0.005711156725841344,0.010187729837410692,0.0009531960012784936,0.04688042501577683,0.2003893753086173,0.009386212555377605,0.014209218019611674,7.581321174058184e-05,0.04916042892094702,0,0.026177502007430735,0.06418563977570038,0.2246669533795215,0.191940645624692,0.015430623821315194,0.2030102990260956,0.015882802084438662,0.028349696987240453,0.10225995042226182,0.010782034104040512,0.15428267643746207,5.2492283535479,0.001369607039693139,0.00013250534590381996,0.06841284218355934,0.3413649882378962,0.0002724214368282411,0.0003369199040487859,0.00015965888127154995,0.8531399210352337,0.039667020009626984,0.02115759547198844,0.013433745178386913,2.1731626435680014e-05,1.259599001880629e-05,0.000515841585776501,0.00021135428945382752,0.01602573599192631,0.00019080757138259603,0,0.0009157810014982645,0.0008633281744646176,0.0003241051042701719,7.142595225569293e-05,0.0011649436925068282,0.008416206237170936,0.0012616690343638045,0.0016078210851996227,0,0.003240271330506657,0,0.002491791292843943,0.012705042010592119,0.173772983108709,0.014868835921521115,0.0006761785986583232,0.058278894160381706,0.0017125270637246362,0.0030188878962938634,0.013579278198984246
2.0056944106751753,8.949549248676563,0.0008591741878929304,0.00028769626183832434,0,9.46064370260185,11.12172630070288,0.21629744921298966,0.07775233946826866,0.10534199190605764,0.0033646273885034575,5.261530664565043e-05,0.0017265566076086084,0.0005859399807403732,0.0008126588322520125,0.05098848926530768,0.13708212719716914,0.030080655614430726,0.0625588735961181,0.01502478287815036,0.0011848635875101978,0.003128717417886029,0.019247435590952145,0.010486049052655504,0.006750239592245503,6.379600408556211e-05,0.00262219720716289,0.006863819366696442,0.015851119375861884,0.05095912692120189,0.0265931656452307,0.10386551337884563,0.006594459678904235,2.6691404376940486,0.47885076722506176,0.46274434958271726,0.555188986976488,0.10274355210752126,0.0005764000190686155,0.017459361954630256,0.009361138949981343,0.00044525753673932005,0.0016276889297682435,0.00031818084303681683,0.00044346389166579394,0.008797192423507953,0.007536953519672865,0.05690467277010552,0.07516034578953372,0.008999263266262904,0.0014537558578848102,8.549818357155311e-05,0.0003535866413110452,0.000584295976468287,1.7480498767514362e-05,0,0.00013486713248077344,0.00014782505758144913,0.002078036664889771,0.00019595451559356418,0.004230663477078821,0,0,0.00027500119620592854,2.6939970467791175e-05,7.865131743829186e-06,0,0,0,5.093933877119798e-05,0.00010841326366272468,0,0.00023864502860580558,0,0.00035438145488163954,0.01757752634316099,0.005008859326992254,0.005902227276765645,0.0027440466034004954,2.4347494866014634e-05,0.00019181840896547562,2.054950972034619e-05,0.11666673855608033
0.16686988182905477,0.17489202465715362,0.00010849724050688278,5.3319881043005224e-05,9.46064370260185,0,3.121073581129622,0.440607740541573,2.4431577029123335,12.78604400090782,0.0037163381307715685,0,0.0011794932222511305,0.0006831943232956956,0.0003020952390234575,0.1661211051651859,0.21528128322646406,0.0357082178308037,0.08372670530833665,0.00856096420472623,7.471204589369763e-05,0.0003027402105048985,0.0075816789206347565,0.001432636592917007,0.002317214935822008,0,0.00028120913930844584,0.0027816590963710168,0.017654112899483293,0.04840126631075314,0.025378620126132137,0.434772004292852,0.015620842268831852,11.009164277134216,0.12455342460602804,0.08332171027125397,0.24999106772732946,0.04661555880048264,0.00026477739725392995,0.002512402172218952,0.0009425993819836936,1.6452982280729566e-05,9.919398920560906e-05,5.650830940594794e-05,3.583686986942051e-05,0.0046880337088740474,0.01827492789263099,0.042533948408776105,0.12286384249475905,0.043987468627586186,0.015107558886585633,0.0006441883658505458,0,0.0011438382582339129,0.0003166339047090891,1.824653899158211e-05,0.0005517930379753163,0.00018702400514101423,0.0015966055863629886,0.0006781148263059438,0.0025344020171782014,0,0,0.0001380500629343598,0,1.1441259487650655e-05,0,0,0,0.00016847787034040513,0.0001953116908708856,0,0.0002777858971329985,0,0.0010912269350985674,0.015694074905071142,0.0055887072887705,0.007283765844147917,0.0033568801432172137,0,0.0002187031472972739,0,0.0513816068452024
2.8711768661900785,3.1602779122792284,2.201274910126095,0.029598073141572097,11.12172630070288,3.121073581129622,0,6.808678884822751,4.031162020888656,0.2723968752340653,0.007878315815082153,0.0061771552706503365,0.008308079382707632,0.0029332515051088783,0.002855348549691435,0.03941476740727382,0.07839165773614515,0.05849526771268966,0.18184723739009442,0.028954076082490288,0.0032276224382500776,0.006914830682291249,0.03616409121442746,0.02767932839184235,0.02703482002332549,0.002461636410160551,0.007676588793480714,0.02876318134524239,0.06986188915865968,0.11055011267541316,0.03504893286779351,0.05281318840241847,0.0007873518655675277,0.05794251805967958,1.085836904806516,1.6986247155178573,0.9764298313299188,0.16018535643195556,0.0729361759326803,0.04632077178449833,0.02310438267703874,0.011675244071880014,0.02943754408614368,0.02187787383360507,0.03412592438550183,0.05302818088694304,0.0494960276937279,0.4481299988619818,0.5731168603610973,0.06987242023549438,0.012912996302395032,0.002359695747337554,0.013584248868777491,0.009524004708557679,0.003284736965581406,0.0014754807980880056,0.002756908456345991,0.0025206359824086052,0.0065878898266101705,0.0042204805693992625,0.0133122144760944,0.0003011596787206565,2.7953693499698065e-05,0.00428311989455425,0.0008763670838004974,0.0007565646271557754,0,8.063484489098336e-05,0.0008524989646192205,0.0026172004571716413,0.0034546570677970695,0.00014623988463205968,0.0046585477583233675,0,0.006204938523652409,0.08962018346715313,0.0540822682842728,0.041815018627055535,0.015800894550653685,0.003364507678151662,0.0043058821441886285,0.0020393776146976337,0.21780535420649128
0.02905149090852562,0.04343021574339574,0.5620396730799295,5.141506540335494,0.21629744921298966,0.440607740541573,6.808678884822751,0,12.14291110302208,1.8341514948058062,2.8534632496791237,6.836569350580178,10.8030473071508,3.3402742502569915,0.21482655437592932,0.05403533058005795,0.05456484006104377,0.08669738098650989,0.07753138887767845,0.5550934873570742,0.02131117031848275,0.008348702473954956,0.030937485559518065,0.02237067326516515,0.023767361343860642,0.012938600337018926,0.016460390324396428,0.019240485940207695,0.027315766492849697,0.045501746157374644,0.01475817321261989,0.06703160421852768,0.0036561612105205834,0.10366761903203184,1.7161285104940898,1.051570994646681,1.5583420774833092,0.4146114904542759,0.027893199585247594,0.04721251802651355,0.01793508260891647,0.02916637638736399,0.0394232564974856,0.06843296659590095,0.2760756943806677,0.07475707626849606,0.1313393280639727,0.6192107211721422,5.7592462953991745,0.32704380230078994,0.25387208663680616,0.11454929363776649,0.5620419759723351,0.37707898906319054,0.15327900902296487,0.04139861406390461,0.021520720726590035,0.009116933543677664,0.020341730180376896,0.015550046103451235,0.11268887984287972,0.00594962109913804,0.0015833141545560472,0.012039048139143365,0.005226536035000612,0.0048992420509770705,0.0018368780447413791,0.0033073754351969666,0.0050839881592680365,0.009068686940956486,0.010032237653842837,0.0017286517225992173,0.015251662826780494,0,0.026649612837307244,0.2863073276149561,0.16566725065089072,0.16506625402903954,0.0662797221460878,0.010299679043723656,0.017275705827303717,0.006710191573639244,0.5515160742302164
0.0004427785232010645,0.002999711409713328,0.0002458784365508359,0.00011223584842048461,0.07775233946826866,2.4431577029123335,4.031162020888656,12.14291110302208,0,10.909242942887229,0.002002424783044807,0,0.00048608968279350136,0.0003837408394281384,0,0.05972092700969152,0.04968409231124617,0.11391156846792842,0.2608509292261326,0.003744523537420485,0,0,0.020215521001106504,0,0.011389177399024291,0.00010107256049971642,5.3001008330501676e-05,0.00020332091120356253,0.0545656407330393,0.04565061837482136,0.010477045967072336,0.010629568097843394,0,0.007124969310223593,0.09646542272569557,0.062298332743539776,0.08043509966362014,0.03551608205336342,0.00017557203549783628,0.0005646666167169573,6.192824954919359e-05,2.8118992489775464e-05,3.696469190068358e-05,0.00011082846068436728,6.647534423638525e-05,0.004202098310398618,0.03765389968564761,0.04608359138027626,0.3087653077362997,0.1309596193810127,0.08479237869190384,0.008477156771465995,2.1388713950053316e-05,0.0027512979703940535,0.004650514071958273,6.698271771238506e-05,0.004003408210446212,0.001190642254834984,0.0032280713216826388,0.003059803797369325,0.004843679660584529,0,0,0.0005448539301258071,0,6.337993258115232e-05,0,0,3.4289751177209244e-05,0.0009865002338445698,0.0012269404067334754,4.1850483702093286e-05,0.0016168353663034507,0,0.0033196913382811115,0.021709057431143368,0.01190408678976549,0.015801177435664605,0.006168608444693317,0,0.0006073607260566182,0,0.05284837850087383
0.026084749483458906,0.02154046467739753,0.0009447472616077335,0.000794737960702916,0.10534199190605764,12.78604400090782,0.2723968752340653,1.8341514948058062,10.909242942887229,0,0.4462951898745209,2.5658654148116182e-05,0.00018691055175466218,0.00854527343972525,0.00020680234051378144,18.354325774028784,0.4714796615180977,0.18763681588261677,0.14383695002250366,0.023848629440779253,3.318813223561175e-05,0,0.010414233348705046,0.0003034167069646004,0.0052128224189027334,0,0.0013723791618916153,0.009645068972029394,0.027259605890159036,0.04628586019591856,0.01917651739209535,1.1779711472714742,0.17093658536364864,4.785227802851128,0.6431680199459455,0.28872739648970064,0.9598191019933849,0.5154704414418815,0.0017023498883978363,0.008439817792082636,0.005394572896899497,0.00017849950816226098,4.167324844863641e-05,0.00014761370436429326,0.0001217197227580076,0.0012764785333291354,0.012465909735916216,0.010565065026727402,0.23744895083866924,0.05649033855571847,0.27577540898130953,0.16284650374494092,0,0.0004058459032477196,0.02630028043310869,7.916869128968057e-05,0.05345231982881206,0.010683024015229583,0.011975400921871078,0.005847526779146635,0.02007974130557616,2.6956530222831665e-05,0,0.0011301946720694523,0,0.00020830470784526437,0,1.3301517448993328e-05,8.266392693677765e-05,0.0011083560083647627,0.0010408096656125939,2.7996271348695267e-05,0.004730435756567496,1.3689232644371951e-05,0.005394820402434566,0.03188919471529321,0.025105662640944507,0.03758010297131749,0.01574098485439221,0.00010401899630509542,0.005741300758042206,0.0010381094457729632,0.5305148940141033
0.0006042463508075308,0.0013619621244476082,8.999915682028484e-05,0.0016699079903939227,0.0033646273885034575,0.0037163381307715685,0.007878315815082153,2.8534632496791237,0.002002424783044807,0.4462951898745209,0,0.008431513935748211,0.08029719425161107,10.763617616643096,0.013826170083285542,0.3707455523538326,0.060624318783099075,0.15710747115517731,0.004399349438822656,5.195923223112077,0.0018045304559086762,0,0.0005713479574117516,1.8465002428770215e-05,0.00016641496206433738,7.518558104874762e-05,0.0001852607029701427,0.00036277742006092674,0.001193422365741552,0.01041909548737132,0.0023673568608868255,0.047671196876224634,0.004726609015771554,0.015212712623904482,0.22803830118915108,0.07392836337915396,0.11691007259564946,0.05248446505727081,0.00027610105390573806,0.0021894077869355757,0.000862444193256074,0.00017456284800432265,1.1836664780275815e-05,2.5212438245305878e-05,0.00020317172274486435,0.0003273488580607032,0.0012755621245153909,0.003768509094701249,0.1901492811456674,0.005948333125427193,0.16899885394280567,0.525674970521013,0.002767264291347375,0.012116152035544241,0.15355539115614275,0.010092171848861015,0.08408270723808225,0.03447660683791857,0.038361371209647784,0.006427348197149372,0.1336734649507789,0.0007798526758113825,0,0.0008599541761571728,0,0.0004798597519429305,0.00012626910134145878,0.00042921803547299627,3.0166464846298165e-05,0.0019038313889274718,0.004496756219920728,0.0016684531921336372,0.01860153898596289,0.0008156278894319027,0.006648117213372074,0.04140779082978801,0.0217237214151787,0.028874475610698513,0.015131755706056136,0,0.010469135802930386,0.0007419728966998342,0.1507316129751201
0.03600605818931388,0.0001485106720460976,0.002964297612198851,9.928568056918094,5.261530664565043e-05,0,0.0061771552706503365,6.836569350580178,0,2.5658654148116182e-05,0.008431513935748211,0,2.9618224900383487,0.4343389368141843,0.142196197328225,1.846388426195369e-05,8.266666256444717e-05,0.0007482776045182528,0.0001389647201469459,0.13941257120678807,0.005971002756919374,0.0008871161715324044,0.00015901575157964635,0.0025204488458060847,0.003643615266201748,0.0025634058746019307,0.014934848333143593,0.03466494565516498,0.0008790471855015027,0.0003738993217311144,0,0.0036847043453780617,0,0.002031719613908741,0.01595435457911938,0.009801088795772935,0.029768257118496476,0.003093840855680498,0.04069445693845072,0.012229732947771365,0.013591377220738499,0.023774192404025965,0.000668857582205111,0.013276255896789713,0.7768381932795903,0.0005246485521362219,0,0.016614587094122904,0.3679743623109913,4.709141674455864e-05,3.0331403403031003e-05,0.0009039393932718803,4.870744990697253,0.19965576648204092,0.046293984326263374,0.025108132825381536,0,1.1974512419251253e-05,0.0001646218581618511,0,0.036222817831786484,0.001472057771044444,0.00018186316953680443,0.00011097561919163415,0.0007736176459416475,0,0.00017799830716236936,0.0002953645450027321,0.0023995558497881837,0.00017843248101164982,0.00022334835857884642,0,0.00043517228812337797,0,0.0005078174108883604,0.008058753197486036,0.024172412717709705,0.007178665564077516,0.0012123266583242058,0.028269462946743415,0.0006889894272541781,0.0009510101819829548,0.003878871141376837
0.004405018169264288,4.022612964482422e-05,0.00022005155175771926,0.09084550557129517,0.0017265566076086084,0.0011794932222511305,0.008308079382707632,10.8030473071508,0.00048608968279350136,0.00018691055175466218,0.08029719425161107,2.9618224900383487,0,3.804842148060703,0.40432066606276684,0.00012473968115829664,0.0003173824820209413,0.0024465534562091015,6.06156063692266e-05,0.4440395402707472,0.01737969279014438,0.0031409093162623664,8.900200440281042e-05,0.005442539815256518,0.004199355645935853,0.007075582502962261,0.010419668026940191,0.007869854511191958,0.00021378561276226682,0.00016267585732343716,0,0.0011824343438284176,0,0.0005740239117535178,0.027737655676847498,0.008111467130145688,0.023246231496164997,0.005032897765234879,0.009737259360553955,0.018705682613832,0.004785886532107829,0.003273269835871149,4.498889145039923e-05,0.0009066117265484203,0.037317046649229996,0.0010458539551756723,0.002003134925325473,0.013631640727622893,0.5137850712664955,0.003021010213603188,0.0007142201037013901,0.008116605705761736,0.6797876065306263,4.4970903856844275,0.21738077967165922,0.04424274488782485,0.00022597132021529368,1.6538637883634873e-05,0.0012057189300659279,2.2792174060339006e-05,0.07937802341183177,0.003544757371277994,0.0002609861534017205,8.427045578888751e-05,0.0009907255678687475,7.178424152311904e-05,0.0004705735508939931,0.0003336010153767626,0.0002651826003156791,5.594288333417811e-05,1.8390869874665035e-05,0,0.00013390856088548928,0,0.0004800104276901605,0.01608059813377898,0.007625085499325695,0.009434368814813217,0.003942889983262929,0.006466989871734952,0.0011109446372466452,0.00010189474914752747,0.010000301161152155
0.0023844327797431573,1.853701069570357e-05,0.0002142718541390968,0.049773997934740966,0.0005859399807403732,0.0006831943232956956,0.0029332515051088783,3.3402742502569915,0.0003837408394281384,0.00854527343972525,10.763617616643096,0.4343389368141843,3.804842148060703,0,3.316441945300649,0.008736400184222448,0.00723269192954345,0.013285389413127712,0.0006056902039508355,2.8782877410693493,0.0385966371956336,0.007012877477832461,0.00011784575323554349,0.009830439787652032,0.005526635173097525,0.010596459849973634,0.013493526759318033,0.005017290366578172,0.0004404345910647019,0.0014778301162941304,6.148965222391892e-05,0.006483494254279548,0.0001258818346104399,0.0015176914149146936,0.034117491814145175,0.006660934374606179,0.020805722916896606,0.005881631172370521,0.004474739254771216,0.03834949255047207,0.004033715755028093,0.002248262322740485,0,0.00039590537242464825,0.01942291786559519,2.5554813396949194e-05,0.0007254199989508813,0.0035306856592468845,0.19283856079355263,0.0038032100655075924,0.02407792188578059,0.1173244921025279,0.1014815837180459,0.4301094467756901,5.410041471705481,0.2652056845892317,0.017143279067191382,0.0037772847620060395,0.012324987523719952,0.0006295564479071158,0.2866169013419547,0.009561587627804326,0.001003853573607534,0.00021434939602836398,0.0018765957493970093,0.00020938575005455528,0.0008397047576144235,0.0006845414294687327,0.00015891430589527975,0.000353705474320939,0.00029410025319771696,4.8787084692753637e-05,0.0021267756089066924,4.398913940613798e-05,0.0008115632888862174,0.014703112224078418,0.007297310708667591,0.007416430358689554,0.0037320679781992884,0.0025137324701106365,0.005381250663578852,0.00016056311051658827,0.014313021343552558
0.0015478096834827765,0.0001477274972756735,5.0618995100229555e-05,0.022479269962787433,0.0008126588322520125,0.0003020952390234575,0.002855348549691435,0.21482655437592932,0,0.00020680234051378144,0.013826170083285542,0.142196197328225,0.40432066606276684,3.316441945300649,0,0.0005849294735834279,0.015846575553371333,0.03977823364405499,0.012951834473977627,16.376585938388637,0.23805140530446456,0.2198981177090976,0.004453177882734301,7.322309624379936,0.05821138404304891,0.3575430499295815,0.10946061350514953,0.006192524897166487,0.0074953175097546764,0.009712292837186795,0.0012362808171104852,0.02438040006566428,0.00011324872627623128,0.004692206967628707,0.10477114541739861,0.0068448840080025134,0.026257394139635123,0.011989071875778128,0.0020814729731194167,0.376706832290217,0.014214651646676051,0.00111325230314803,0,0.0001885889636837947,0.009656625242127712,0,1.6755960192790774e-05,0.0011395179609518255,0.04208185383224751,9.559947417045044e-05,0.00023591406227702462,0.006737356851996369,0.03866280654157086,0.05337563521233713,0.49645303833317306,2.8919859284909273,0.0021699787533534165,0.002828104015696431,0.01966959266090348,0.0035441535738546456,0.5544899761598207,0.017796216327532113,0.005701377403470024,0.002549972937554184,0.008740828807097476,0.0008972221546609191,0.000952317691339196,0.0008096309358084283,9.648344803101698e-05,0.0029564203828427197,0.0016285510827263327,0.00016286915014284594,0.002539739184485765,0,0.00011918971639305377,0.015584618586890503,0.0032295033792596422,0.0035723439934112642,0.00184053196089642,0.0009048506759789045,0.008978619041076797,0.0004985603881450959,0.027257788720381357
0.028100527680341335,0.019039312413654585,0.0007252145803475817,0.0008092713630772862,0.05098848926530768,0.1661211051651859,0.03941476740727382,0.05403533058005795,0.05972092700969152,18.354325774028784,0.3707455523538326,1.846388426195369e-05,0.00012473968115829664,0.008736400184222448,0.0005849294735834279,0,16.74669219368947,2.7322617395319364,0.18104454325494362,0.08473093303800612,6.583018107435531e-05,0,0.007748426062400133,0.00013738958339087852,0.004781485290773764,2.273822399811798e-05,0.0019409877639713514,0.01750000152065487,0.03114338566549408,0.05547639972389625,0.021842158689501713,1.4740301582823538,0.9750736744974637,4.361850012888291,0.4907570576658304,0.11318173270571631,0.900624036609489,0.41055437101553555,0.0021086875996947727,0.00891184949576958,0.005935819608828192,5.013589263251268e-05,0,0,0,0.00021364269984558304,0.000483116574463861,0.002485893674481174,0.01366245204690446,0.0014977479224781644,0.023736682184544434,0.057749329926013705,0,5.484581101779181e-05,0.016589441998635032,0.0014220812920861569,0.0686898303691371,0.04876462572801614,0.03954181593613841,0.00569266941288674,0.05839233493035804,0.0001100373633674212,0,0.0005929323180967845,0,0.00027936468920281807,2.1015345195126228e-05,1.3347470361553232e-05,4.427201438558524e-05,0.001656255303568384,0.004136493204215097,0.0018969349448141623,0.021207367119716804,0.0014145828799063732,0.005569397300002919,0.01934516026945324,0.006940270588097648,0.008896239215682503,0.00495284753616045,0,0.0038824707384086236,0.0008011379840832347,0.39891886679817123
0.04784085951134183,0.04259262717283406,0.0011162299625053448,0.0011814702776961126,0.13708212719716914,0.21528128322646406,0.07839165773614515,0.05456484006104377,0.04968409231124617,0.4714796615180977,0.060624318783099075,8.266666256444717e-05,0.0003173824820209413,0.00723269192954345,0.015846575553371333,16.74669219368947,0,1.9621461597525256,11.788190692064223,0.21223200750694993,0.004701761770143478,0.0004498680614750868,0.018055812263115006,0.002306281014914611,0.013662289181274436,0.0022380133047230077,0.006089798586343649,0.022269113333228473,0.12418272799483092,1.373277727550195,2.606473998862916,9.240284343927726,2.8517550883958505,2.4410011948691364,0.21095168243113385,0.04910373707859575,0.5970133904812541,0.1257392063291111,0.0032452102848928802,0.02639307029815214,0.011853662783439701,9.974946674751027e-05,2.0785902774715174e-05,0,3.124754053036307e-05,0.00017939037846430558,0.0003186379430059604,0.0036918421945538425,0.01143337960969071,0.0018081103209219053,0.007754074491014821,0.021814277456299068,1.298073976165983e-05,2.7261754743069022e-05,0.004935678676606217,0.003221968428098572,0.05319779324858208,0.030912201508286368,0.08554251385445318,0.01086578585273616,0.0826477066696279,0.0008568146132694749,3.2318781487044074e-05,0.0025236901763713068,0.00020011580486707105,0.0012568769465592573,3.293726672334539e-05,0.00020589324007602982,0.0002944489419344223,0.005102646397509495,0.0055467500527179815,0.0028466127213588248,0.016004179206615298,0.0006665281005309826,0.0028226567211137596,0.02979512661967605,0.005122865260009525,0.010292942344378246,0.008158461166562943,9.896025261471768e-05,0.008351988468651504,0.0023471108417254453,0.11145227287933382
0.02396168587672092,0.016569664191036004,0.00298202427107454,0.0034219973588290715,0.030080655614430726,0.0357082178308037,0.05849526771268966,0.08669738098650989,0.11391156846792842,0.18763681588261677,0.15710747115517731,0.0007482776045182528,0.0024465534562091015,0.013285389413127712,0.03977823364405499,2.7322617395319364,1.9621461597525256,0,24.043796167512486,4.427220166487587,0.7069671022279622,0.07670449330853452,3.4872617043590846,0.10708183872376506,0.18653168949419643,0.03703461400242638,0.019617682701486755,0.0295055188582869,0.14795966203120814,0.1407576280448027,0.024585570676587284,0.32482243811024425,0.02172722792282593,0.12565280065239146,0.6328566589614991,0.07171025331404912,0.46132693587694956,0.19454770400621105,0.010826133188917184,0.1381518794144928,0.04405733158397536,0.0021452728196831613,0.00022290055108852813,4.8204478859979814e-05,0.00035542045140076487,0.0008504270156921901,0.0007554353205878175,0.0054295446677273896,0.01808633534823908,0.0026555066706938956,0.009095626278742839,0.015405645590962809,0.00033845003280850625,0.0007707991172195855,0.011465565431572455,0.01902184081862347,0.02401199228331076,0.045898283643658756,0.1715754911239072,0.05180953153252996,0.3321267921657098,0.0358646767231924,0.01841781516870991,0.05270340608581426,0.0202042622763135,0.012757715043928659,0.0018475598265112467,0.0022034149649163733,0.003261468984263316,0.025670045478536317,0.024058961414164814,0.009507465340103707,0.037701293641103674,0.0012365298454335841,0.006589409779040343,0.07844921227039146,0.00946942425009938,0.01811756056155603,0.01015054756106777,0.0007487986561040025,0.02775228339540257,0.006888766466283733,0.27476037556851773
0.02576268376436993,0.01977939524553376,0.003152318146786816,0.0031368350337180953,0.0625588735961181,0.08372670530833665,0.18184723739009442,0.07753138887767845,0.2608509292261326,0.14383695002250366,0.004399349438822656,0.0001389647201469459,6.06156063692266e-05,0.0006056902039508355,0.012951834473977627,0.18104454325494362,11.788190692064223,24.043796167512486,0,0.1474205138940342,0.009878347663008814,0.0024355895041141594,7.423902563171076,0.0176378964765358,0.3364209087614915,0.031030021167464127,0.01826152190023471,0.03174923153424098,1.1461918044540929,4.017661535161696,2.8059306176470327,0.4164845275096844,0.007585561229507515,0.10298005297083306,0.22015696970823334,0.027888563186567995,0.3639801802642336,0.14509756919285566,0.009476163541938379,0.10146938840079758,0.038545853737100136,0.00017333565617463277,0,0,7.376980899524725e-05,0.00010499029198632779,0.0006887685350581776,0.003893968976961735,0.015203709210066316,0.004107878378160909,0.005909540289924025,0.002047100818957312,0,0,0.0006735003714582772,0.003952647684019604,0.004113620378468526,0.006428197758440174,0.05006546865603511,0.01743671636256559,0.08959839937699493,0.010114312779078736,0.003809559651332902,0.015470056844766374,0.004038572864898249,0.003995926910775664,0.0001451528360634159,0.000212773838314675,0.0005478767781681155,0.008952664007742748,0.0051769207643092875,0.0010559539045325171,0.005911588816118683,2.8069369497528818e-05,0.0004198810804522738,0.025354255667530474,0.002704251653250555,0.008020552959500679,0.004154276499133978,0.0004685588694942495,0.008364263985425701,0.002631644199636464,0.11213137882515134
0.013884634881763806,0.010510410138099053,0.0033734595010255753,0.024458898607732094,0.01502478287815036,0.00856096420472623,0.028954076082490288,0.5550934873570742,0.003744523537420485,0.023848629440779253,5.195923223112077,0.13941257120678807,0.4440395402707472,2.8782877410693493,16.376585938388637,0.08473093303800612,0.21223200750694993,4.427220166487587,0.1474205138940342,0,13.073321386572642,3.169792607829305,0.08178564872715344,4.333986993436897,0.10063053996260729,0.1923556019098778,0.0905064378852725,0.026072624847506918,0.06682077168774307,0.0978894587486298,0.023110829388055622,0.2632843356596519,0.019875226725021063,0.06328842481766547,0.6568877213095407,0.08392879991797372,0.236508458207347,0.11692139365985052,0.010746137490295076,0.5347990133618624,0.04025870973536915,0.005600060512033685,0.001691629960833308,0.001364161424183946,0.010522327286337278,0.002933455454483386,0.0024133963943931253,0.0118932170606052,0.11502048926638167,0.004496042916045012,0.017942647281777954,0.0868771768764169,0.051422600111473545,0.09219259167610167,0.4400959349994056,0.602377315681042,0.05662930652948874,0.06389244581177693,0.31150825829827666,0.07461556518161333,3.977178206506218,0.12464359704110825,0.06441071705749356,0.0841420935044459,0.06397339511668561,0.02596986184346076,0.009932195817934608,0.009005818188673563,0.008245084840631155,0.045800904151769614,0.035284493808023884,0.013899266834478063,0.05602050389822438,0.003003225025738368,0.011166682081084059,0.18465722755187078,0.02300628236746562,0.04450512045835932,0.03091138556296509,0.004134255332422679,0.06955955189924941,0.01717681372937585,0.24896123700514544
0.0031256463310447707,0.0014795808111168233,3.77905264772834e-05,0.0003933370339417092,0.0011848635875101978,7.471204589369763e-05,0.0032276224382500776,0.02131117031848275,0,3.318813223561175e-05,0.0018045304559086762,0.005971002756919374,0.01737969279014438,0.0385966371956336,0.23805140530446456,6.583018107435531e-05,0.004701761770143478,0.7069671022279622,0.009878347663008814,13.073321386572642,0,4.051246826738784,0.19222851203691466,0.7059326039350832,0.026555782473945307,0.0360959474593656,0.011263559141789293,0.004627824724112326,0.010707061241982303,0.015556591219800757,0.0012291798431503928,0.0323281316597985,3.084185153478865e-05,0.0053388787723610475,0.07912631382560961,0.0038111390139707853,0.02612045037822749,0.010321033834807496,5.1154786487318236e-05,0.09345517074648468,0.007060154723176694,4.8884619292527065e-05,0,0,3.737871236582635e-05,0,0,0,0.005664659617985423,0,0,0,0.0023753522594783948,0.0044159691463495415,0.012533926982028532,0.026652974629245204,0,8.905833249327593e-05,0.02301976469727064,0.0047379069303803405,0.18303375966949642,0.4700565412545767,0.09720825233253813,0.028179179833652954,0.05036945727946085,0.004835581727785465,0.0005346511695420965,3.882972718383577e-05,3.921026504261541e-05,0.0026573242869842315,0.001394199911632343,0,0.001919690741261713,0,0,0.021244572023016873,2.907042975265615e-05,0.0018350193076947816,9.101541296678843e-05,0,0.011773725397634043,0.00023016205924404715,0.018396779565172303
0.010281188988766744,0.005669060524746879,0.00024023297775570634,0.00044181413394237787,0.003128717417886029,0.0003027402105048985,0.006914830682291249,0.008348702473954956,0,0,0,0.0008871161715324044,0.0031409093162623664,0.007012877477832461,0.2198981177090976,0,0.0004498680614750868,0.07670449330853452,0.0024355895041141594,3.169792607829305,4.051246826738784,0,0.2781585604203261,6.007081848360231,0.054535049882949195,0.06565542981886598,0.009659205831795404,0.01086578919412199,0.017140082925945915,0.02769638058824467,0.00017371346375926255,0.029328319125784322,0,0.0043080768128159926,0.06988800459077106,0.002662542195837594,0.029597764589199178,0.004718463043815503,0.00027393577997862406,0.09536061664324652,0.008486415277220093,0.0005022138261251091,5.545311996666279e-05,0,3.785428617065974e-05,0,0,0.00019038359147529097,0.002187567516369322,0,0,0,0.00029866463684502265,0.0005217033955014067,0.0021157606732725705,0.011167982391045534,0,0,0.010753575340529134,0.0007439168266901857,0.06560655063490733,0.34627954810769895,0.2818845453616746,0.032582583425074196,0.2763687771887471,0.005328237320634489,0.0005016503740137892,5.6088527466974784e-05,0.00030674043568866923,0.0022618943140390664,0.0023593772064540645,0,0.002522413425769933,0,0,0.01925953570529353,3.675135350659623e-05,0.0012753263303288457,0,0,0.011586666750781266,0.0003085651044651114,0.011701587219144697
0.0407839072105797,0.020159409630626086,0.0032149182599248627,0.003418688003138382,0.019247435590952145,0.0075816789206347565,0.03616409121442746,0.030937485559518065,0.020215521001106504,0.010414233348705046,0.0005713479574117516,0.00015901575157964635,8.900200440281042e-05,0.00011784575323554349,0.004453177882734301,0.007748426062400133,0.018055812263115006,3.4872617043590846,7.423902563171076,0.08178564872715344,0.19222851203691466,0.2781585604203261,0,2.064926025983884,3.198792119169178,0.11543476638499815,0.02618392052718469,0.04006993592673662,6.332362177904435,1.7079393227655049,0.02391229882881316,0.2757042030482171,0.00010992221788075552,0.0564448875806642,0.21034739359157534,0.01699206113338675,0.22302600315395496,0.06563602824366045,0.008543420018917974,0.09386621900410659,0.05169740091114187,0,0,0,6.336282537707366e-05,0,0,0.0009554513827864927,0.00491482094992182,6.10992344514975e-05,0.0003370541088443302,2.6191020877446016e-05,0,0,2.327782656385424e-05,0.0019050095537549285,0.00015107739006649988,0.00020029197669579294,0.021105619460362268,0.00691844203815583,0.06524811016287495,0.021403635231844503,0.01863984017975928,0.04535287153984161,0.02032554080952663,0.006311406348806329,0.00031547991034998937,0.00012352163508871325,9.005696511963954e-06,0.0028876436757272013,0.0011683216067215967,0,0.0013303579236021124,0,1.4107954681455006e-05,0.024799223538013483,9.626465730587951e-05,0.0032885394959459194,0.00033797268218896447,4.8917758302866266e-05,0.011258067603883442,0.0005329668316003263,0.07043835249364445
0.041967030671368546,0.023497027337039112,0.004934052994574733,0.005711156725841344,0.010486049052655504,0.001432636592917007,0.02767932839184235,0.02237067326516515,0,0.0003034167069646004,1.8465002428770215e-05,0.0025204488458060847,0.005442539815256518,0.009830439787652032,7.322309624379936,0.00013738958339087852,0.002306281014914611,0.10708183872376506,0.0176378964765358,4.333986993436897,0.7059326039350832,6.007081848360231,2.064926025983884,0,14.719560085891407,2.9143145670472204,0.06966231427349823,0.050137423204250936,0.09558668529926471,0.10845121153781018,0.0007921897022360628,0.08674242699850725,0,0.013053471409263499,0.17704321763634634,0.011148896570375391,0.10473178392600042,0.014630857149703318,0.006181457677726705,0.49928558910877274,0.029231185372464035,0.000578717233250496,0.00011236212020579576,1.1461872049699629e-05,0.00026194067816732265,3.867106665165537e-05,0,0.0008707971115459718,0.0041574226876711015,0,0,0,0.0004065656392851225,0.00039889773851992273,0.0012806503682889715,0.01244377738361492,0,4.6583415467360254e-05,0.007641003141426357,0.0012772415754779378,0.04950754466759129,0.032108262396379865,0.0473876320406542,0.06987523475724389,0.8486913436725555,0.010903753083451737,0.0011800085791291626,0.0002576736695714275,0.00043747448038204375,0.0029621765456917383,0.0025321896829867394,0,0.0023767093935813943,0,0,0.028472757166511084,0.00018207591955600916,0.003134394972490748,2.288481750831501e-05,7.799318829224627e-05,0.02494535747107674,0.000467674652867194,0.053395559569180115
0.02686085759548129,0.013418671592712771,0.003881618833403238,0.010187729837410692,0.006750239592245503,0.002317214935822008,0.02703482002332549,0.023767361343860642,0.011389177399024291,0.0052128224189027334,0.00016641496206433738,0.003643615266201748,0.004199355645935853,0.005526635173097525,0.05821138404304891,0.004781485290773764,0.013662289181274436,0.18653168949419643,0.3364209087614915,0.10063053996260729,0.026555782473945307,0.054535049882949195,3.198792119169178,14.719560085891407,0,17.80766994676942,11.743076117454086,0.7152647400650562,31.80740449541379,0.2072983550670344,0.0062690024663553,0.07581545844984863,0,0.013544264308760086,0.346641647202238,0.034944315204808986,0.10723461061931865,0.04002928276041905,0.015947011516804138,1.6425832410683807,0.3448196753469342,2.262228488157093e-05,0,0,0.0009303576823415628,0,0,0.0003972845576973417,0.00424977527984148,3.457543716190171e-05,8.062452966498042e-05,7.54531274275203e-05,0.00047585275488533986,0.00012899667220579096,0.0002326243318449773,0.0010598573497257583,9.42313229771342e-05,0.0003231635452113532,0.009255199832906052,0.0032746465931229466,0.02778941633131514,0.005944115729786525,0.003243649402200965,0.010728077596101039,0.010618166825840977,0.006627646381663641,0.00026053582246281937,6.336310676065497e-05,9.381639520785396e-05,0.0022089076091668996,0.0007135343199330836,0,0.0008056559460784101,0,0,0.015243787236392274,0.00023891356857307173,0.0028645090962169046,0.0002767916383316466,0.00032591377723039614,0.011182604566954588,0.0006185797881734135,0.07756842345004501
