0,1.0667261822916156,0.011771439963061186,1.4723800646961196,0.11671865830821603,0.0037468461429171246,0.1657239146317404,0.00014925282917414235,0,6.825976830951514e-05,0,0.0011448001608119355,1.8995671203396462e-05,2.080080751086429e-06,0,9.787562557355354e-05,0.0003361874227927612,7.991482250451157e-05,9.992056428681642e-05,8.372980561966112e-06,5.486426502417804e-07,3.718673449316615e-05,0.0002281743377686262,0.0002381491067599169,0.00010535933316711035,0,0.0008846769857477875,0.012480986892783269,0.0002303029360662366,0.0009571105300753035,9.878301624696684e-06,0.02256002604761904,1.0674848338920145e-05,0.7841035507095231,0.0013317702133805946,0.0054743983564444374,0.014595103763928332,0.000546856225157435,0.0025247097742500035,0.00018241099550838795,0.0007437516025467643,3.098194184551043e-05,2.5381105965369518e-06,1.8981452383296876e-05,0.0003946176340843474,0,0,1.0226650103417176e-05,1.8202532354195817e-05,0,0,0,1.844606983819234e-05,0,0,0,0,0,0,0,0,0,0,0,0,0,0,0,0,0,0,0,0,0,0,0,3.5480239896005376e-05,0,0,5.238394276941909e-05,0,0,0.0002117715446268942
1.0667261822916156,0,0.00019014268086054044,1.0007064128015287e-05,0.8436129421465665,0.003480230792507304,0.16149296645009356,0.0003889428881106267,3.445468257834366e-06,7.566891092008748e-05,0,0,0,0,0,5.935266125821093e-05,0.0003154653805960486,4.011540611623836e-05,7.765247878298439e-05,7.135868343881423e-06,3.8682008316354184e-07,8.801670859790138e-06,7.428927615878553e-05,0.00010560214891067018,3.2567310001086706e-05,0,5.828686372199493e-07,9.203773886011349e-05,4.902474522782819e-05,0.00023932406208108852,1.4927315058141644e-05,0.0010113608055715355,5.762139997515565e-07,0.007799824181259656,0.0053574118123604735,0.015531866081839004,0.010070214654633376,0.0013827673514471834,0.0003481433995384971,0.00015911923230392655,3.663990673907994e-05,1.828440891767682e-05,3.863691058974468e-05,2.6458096648404767e-05,1.7042584517964874e-05,9.681779765139102e-06,0,0.00018049680382764327,0.0001789059464549678,0,0,0,0,0,0,0,0,0,0,0,0,0,0,0,0,0,0,0,0,0,0,0,0,0,0,6.738664866456853e-06,3.579493261888401e-05,2.3368028842268207e-06,0,4.4973662601151985e-06,0,0,0.0008572473944992982
0.011771439963061186,0.00019014268086054044,0,0.12559034215764406,0,0,0.1738234391348596,0.01991119616325807,0,1.9076097331513777e-06,0,1.3219158820149443e-05,0,0,0,3.462500916675558e-07,1.117943526324169e-06,5.529299672235834e-06,6.9916878694575946e-06,6.769718984545372e-06,0,3.435934179318208e-07,6.770423535422081e-06,1.7874241245232286e-05,1.0431950170996148e-05,0,5.810361708373635e-07,0.00010808071077452437,1.8529325358440447e-05,5.1304394560188106e-05,0,5.839203351104652e-05,0,1.4688259336022198e-05,0.0012067965007621722,0.006236894407487685,0.0038402833998508307,0.0002628748258830518,0.0015051400421186815,2.246603052268962e-05,1.0887729474294044e-05,4.635077316106979e-05,4.670961802125739e-05,0.0002931659378684288,0.0006797258239278721,6.829806661349288e-06,0,0.0003192186717111958,0.0005447187085429955,1.1650953981631965e-06,5.5517631395118e-07,0,4.656372209347036e-05,0,0,0,0,0,0,0,1.3880770864776813e-06,0,0,0,0,0,0,0,0,0,0,0,0,0,0,1.87124774877178e-05,0.00019821937628674332,7.84712736779961e-06,0,2.688835287323776e-05,0,0,0.00016253606362032414
1.4723800646961196,1.0007064128015287e-05,0.12559034215764406,0,0,0,0.00018605047291640493,0.28722613042009504,0,0,8.030671447755432e-07,0.8875660447909822,0.0015562467669867134,0.00046770414296814697,0.00011090802394745974,0,0,0,0,0.00010233718393032535,0,3.670626443119052e-07,0,4.067109777443683e-06,3.4766551198957495e-05,0,0.0005368758185120624,0.002811446762229279,1.4485210602044092e-05,3.3683672233427644e-05,0,0.00045519420005730706,0,0.00016102356015752417,0.0005734592827013109,0.003928906524499932,0.0030096810052356606,1.7261729620357898e-05,0.004108203668632358,2.9828514803498506e-05,0.0001860810036256791,0.0012526659784000225,5.0831413178919215e-05,0.0021033625019311482,0.20471020324301575,0,0,0.0005808266730799555,0.0042806616834533354,0,0,0,0.02593049499734774,0.00038676244376752416,5.487834528860522e-05,1.2601758979653996e-05,0,0,0,0,2.5645908770475968e-05,0,0,0,0,0,0,0,1.320355285295346e-05,0,0,0,0,0,0,8.632469264685158e-06,0.0024838207571737745,2.5621650504621266e-05,0,0.0009417168170963223,0,0,1.798228453426634e-05
0.11671865830821603,0.8436129421465665,0,0,0,0.6826394465846712,0.7000058418330384,0.002569801992063462,0.0010221679839884695,0.0012111555332115353,0,0,2.741506373107396e-06,0,0,0.00034417802191316437,0.0012203157457859458,0.00011585853522079977,0.0004231800798036174,9.263466678227764e-06,0,5.674646154930493e-06,4.239746168877956e-05,1.9418453613321045e-05,0,0,0,2.3122856529154685e-06,1.8315857062812986e-05,0.00029906379894823,0.00015600698519088898,0.0009488728862641173,1.2983116283772885e-05,0.09654670849716633,0.0058499024633478485,0.007363480214897094,0.009027497324775173,0.001359105480555587,0,2.3958490286939225e-05,3.6245373574920745e-06,2.9474074616042604e-06,4.893851483765237e-06,1.8720113657786745e-06,0,2.0352247518054834e-05,3.7197953805201482e-06,0.00042165666459381457,0.0005886038863472744,6.447331458389301e-06,0,0,0,0,0,0,0,0,0,0,0,0,0,0,0,0,0,0,0,0,0,0,0,0,0,2.6594556313605747e-05,0,2.1177184318509464e-06,0,0,0,0,0.0009492203616788053
0.0037468461429171246,0.003480230792507304,0,0,0.6826394465846712,0,0.13130259638332914,0.005572281288799693,0.08589083036080218,1.0265726017689851,2.0412086929734914e-06,0,0,0,0,0.0024965511429689193,0.0024895758503182663,0.0001782901249340353,0.0007153994134281225,1.9414012354872477e-06,0,6.00899483766472e-07,0,0,0,0,0,0,2.8197957530355076e-05,0.00028995789091370054,0.0001375801598202343,0.009344066611607789,0.00012109523100742653,0.8595711577631436,0.001467835210685261,0.0009995059769575033,0.003974405416885406,0.0003592657501146765,1.691953679992191e-06,0,0,0,0,0,0,1.904996147334074e-06,4.922446132449579e-05,0.0002743364609994096,0.0010490829542434683,0.0002821228981005842,2.0654654873868226e-05,0,0,0,0,0,0,0,0,0,0,0,0,0,0,0,0,0,0,0,0,0,0,0,0,2.3928809761905968e-05,2.9378018641774124e-06,4.48932405340312e-06,0,0,0,0,0.0003332472137669304
0.1657239146317404,0.16149296645009356,0.1738234391348596,0.00018605047291640493,0.7000058418330384,0.13130259638332914,0,0.2377196344757372,0.14464884169797498,0.0035883086728832865,1.9775659109609793e-06,0,8.33829608419508e-06,0,0,0.00011534884430023325,0.00048724972577363556,0.0002957984746020311,0.0013449294457392794,2.482173619754385e-05,7.483590837527109e-07,1.7669779870524316e-05,0.00015392810115474661,0.00011061820521736131,3.877993423494548e-05,0,3.827195178506885e-06,0.00018940671914089032,0.00038062354318872123,0.00070239588434778,0.00022458106716237384,0.00020403683926451349,0,0.00036708572031446184,0.013043714501172192,0.0305278972354213,0.014946629948061726,0.0019670086342844593,0.001083113102707144,0.00024338686023725768,7.914219165484779e-05,3.397489775204089e-05,0.0002231179393685542,0.00017877565084441574,0.0002291870753617236,0.00039849610433664704,0.00030583218675736535,0.004070288072179321,0.0051303221226624745,0.0005343201622538147,6.450735935053676e-06,0,3.087419508797494e-05,2.64027256068964e-05,0,0,0,0,0,0,0,0,0,0,0,0,0,0,0,0,0,0,0,0,0,0.0005902476100085579,0.00042995598568858776,0.00015497474049638998,9.008603837149643e-06,1.9121173903223563e-05,0,0,0.0017295000241379593
0.00014925282917414235,0.0003889428881106267,0.01991119616325807,0.28722613042009504,0.002569801992063462,0.005572281288799693,0.2377196344757372,0,0.7607307691389834,0.04201792830836765,0.10979637363201232,0.4157949940095392,0.7717226122645408,0.12087747138547394,0.001979521073089303,0.00026554355287852386,0.0002069751671512214,0.0005773679967247502,0.00045718752973475103,0.005182403592321618,0.00012754349757171604,2.1001632373221226e-05,0.00012161615204144588,6.656428719710936e-05,3.058169361549849e-05,4.8617976478470794e-05,5.060867488612111e-05,8.504530531981167e-05,4.821038463664016e-05,8.920331055518762e-05,3.457769629184093e-05,0.0002699371791085607,2.092462689062954e-06,0.000947073939019497,0.020748618758574082,0.016433333416915538,0.022490628124050952,0.005335966122784201,0.0003224719772764447,0.00024646655040451134,3.876000134155545e-05,0.00013254286234662508,0.00030969166122976426,0.0006075499731831071,0.003506363954483168,0.0005934849571954099,0.0011137051673563237,0.0056201866340032805,0.09004615190476464,0.0031021430783465193,0.0022036034915606634,0.0011919651907935154,0.011782260936805553,0.00710191684655934,0.0018641569035703215,0.0002671916903686634,1.9627678266986264e-05,0,2.235442314723872e-06,0,0.0007095434841468981,2.197395803959534e-06,0,2.276444687610847e-06,0,0,0,0,0,0,0,0,0,0,5.2219378270112874e-05,0.002359654179412343,0.0016613714163687039,0.0014938864381157692,0.0005325002919742337,7.713676295710967e-05,7.400002126471155e-06,0,0.0045308662228326696
0,3.445468257834366e-06,0,0,0.0010221679839884695,0.08589083036080218,0.14464884169797498,0.7607307691389834,0,0.6874966782641496,0,0,0,0,0,0.0005086337790280111,0.00037618822308801893,0.0011266158801196918,0.0025432890750784667,0,0,0,7.025006657284222e-05,0,2.1754508539246465e-05,0,0,0,0.00036754695351390846,0.0002976064670425433,5.1922832526407054e-05,7.4899293973424155e-06,0,0,0.0011955368068958556,0.0008495418770041572,0.0009966731002212402,0.00020053088559060913,0,0,0,0,0,0,0,0,0.00021341503317093253,0.00032354668427491496,0.002894244328552329,0.001232327994414079,0.0007084801177340703,2.944264518669028e-05,0,3.9734070254030745e-06,6.165853260208225e-06,0,0,0,0,0,0,0,0,0,0,0,0,0,0,0,0,0,0,0,0,4.566048985897719e-05,3.388982052462635e-05,1.712553776561147e-05,0,0,0,0,0.00038502769009928926
6.825976830951514e-05,7.566891092008748e-05,1.9076097331513777e-06,0,0.0012111555332115353,1.0265726017689851,0.0035883086728832865,0.04201792830836765,0.6874966782641496,0,0.012300572869944447,0,0,0,0,1.3016692481680092,0.007397445752737975,0.00214678856698318,0.0014290161158719808,8.305600642678103e-06,0,0,1.2701847858995363e-05,0,0,0,0,1.646569159498038e-05,3.406477209213885e-05,0.00012213131298662914,7.467572147075338e-05,0.039033424834976585,0.0048362541094034,0.24273756957866685,0.009172216598272963,0.004454348275627983,0.01584584662225812,0.007917520404718723,1.394425313560402e-06,0,0,0,0,1.9853797376390692e-07,0,0,1.2294021104781139e-05,0,0.0020481359167752473,0.0003950285874370201,0.002347190891414356,0.0014730628116825493,0,0,0.00013441531348678797,0,0.0003009494417024594,5.23944591407826e-06,0,0,5.3181058623357124e-06,0,0,0,0,0,0,0,0,0,0,0,0,0,0,3.6482223521246245e-05,8.508649015125634e-05,0.00014824115842274578,1.141994636020567e-05,0,1.1700620528733158e-06,0,0.005035576186182674
0,0,0,8.030671447755432e-07,0,2.0412086929734914e-06,1.9775659109609793e-06,0.10979637363201232,0,0.012300572869944447,0,6.245999723134448e-06,0.0011686938211828489,0.9297479881348863,9.74285721845334e-05,0.010826657042145424,0.0006474862567081744,0.0033980134402749385,2.349250656773111e-06,0.2950025945542648,0,0,2.9840985145751754e-06,0,0,0,0,0,0,1.3571744194764328e-05,0,0.00043483623166296574,1.0440059955085552e-05,3.11906266619398e-05,0.002865653299840641,0.000866858903606059,0.0013720405227823542,0.0004988249326811416,0,0,0,0,0,0,0,0,0,0,0.0020935527043049853,0,0.0015307981294768937,0.007219610245920607,0,2.441616405079552e-05,0.0024169202017292374,2.4770092442547602e-06,0.000711565435938679,0.00023519197637971993,0.0002624186305299504,5.287092035857818e-06,0.0013522634698676698,0,0,0,0,0,0,0,0,0,3.7853527713232325e-06,0,7.418914153138983e-05,1.3943529705617347e-06,5.819778130449429e-06,0.00030822899301425147,9.965156281669166e-05,0.00017417875256332414,3.8289841516837284e-05,0,1.754205638948876e-06,0,0.0012858069677055026
0.0011448001608119355,0,1.3219158820149443e-05,0.8875660447909822,0,0,0,0.4157949940095392,0,0,6.245999723134448e-06,0,0.15844861387917306,0.006908948477972874,0.0013682576660808163,0,0,0,0,0.0011868210312741994,1.6090421227816177e-05,0,0,1.1116398503470186e-06,3.3932968500828783e-06,1.564314929403949e-06,6.09423535495024e-05,0.00034806709631931063,0,0,0,1.832069969595196e-05,0,0,5.075891153155274e-05,2.2988391547711182e-05,0.00026255562231335426,0,0.0010065821991586297,2.3015204639556513e-05,6.43729390651077e-05,0.00015410482840798009,0,0.00013227424246876456,0.021369698744014717,0,0,6.153281548728399e-05,0.006534183595322251,0,0,0,0.32714512572376186,0.00469425257239011,0.0004181064747572614,0.00012291581757155,0,0,0,0,0.00022943209771816302,0,0,0,0,0,0,0,0,0,0,0,0,0,0,6.285515183893476e-06,0.00017870516082466392,0,0,0.0005311904160886069,0,0,0
1.8995671203396462e-05,0,0,0.0015562467669867134,2.741506373107396e-06,0,8.33829608419508e-06,0.7717226122645408,0,0,0.0011686938211828489,0.15844861387917306,0,0.17601354313114134,0.005981711788420978,0,0,0,0,0.005323013556947792,0.00011193548883740009,1.20436340632646e-06,0,3.0667264507107003e-06,5.112044217182248e-06,2.7006136985721488e-05,2.6094776652085344e-05,1.4226035268779265e-05,0,0,0,0,0,0,0.00018771021776453728,8.183453615667267e-06,0.00013433334841490705,4.425565690277585e-06,0.00010171654137659323,9.73466554699412e-05,0,0,0,1.1974291169605632e-06,0.00030988146076602567,0,2.3084062741691096e-06,4.4846807687432436e-05,0.010359826610095641,3.4348358800422664e-06,0,2.0010804301138305e-05,0.02380040623548792,0.42048946307324436,0.004589653606710881,0.0003891931491611454,0,0,0,0,0.0007331247940001719,1.3289778839222082e-06,0,0,0,0,0,0,0,0,0,0,0,0,0,5.691548978982848e-05,0,5.5491231089750115e-06,0,3.768843584508977e-05,0,0,1.47845276372136e-05
2.080080751086429e-06,0,0,0.00046770414296814697,0,0,0,0.12087747138547394,0,0,0.9297479881348863,0.006908948477972874,0.17601354313114134,0,0.1682060765782389,6.668356767028387e-06,1.0551998191781245e-05,8.397032633165067e-06,0,0.08510467216962138,0.00044468028711207476,2.2682414415205095e-05,0,8.591332005468803e-06,0,5.3223009935523184e-05,5.1928601648970344e-05,2.6921762309496258e-06,0,0,0,9.809016750922566e-06,0,0,0.00016813793612211999,3.3105869340881308e-06,4.8728678354723425e-05,0,2.1832542486691304e-05,0.00037374164202558875,0,0,0,9.937216508019281e-07,3.841194435154834e-05,0,0,0,0.0024904370546398385,1.8185089832692926e-06,0.00012032594701360646,0.0018383152009709234,0.0012636316223825503,0.01141717724349383,0.41613529354354134,0.0065585741720437536,3.8910530527061476e-05,0,5.828242615421224e-06,0,0.004429729474340981,9.258194989355019e-06,0,0,0,0,0,0,0,0,0,0,0,0,0,1.9534753898865153e-05,2.6264225520750726e-06,6.792557236897729e-06,0,4.091157135507902e-06,0,0,2.538426135948962e-05
0,0,0,0.00011090802394745974,0,0,0,0.001979521073089303,0,0,9.74285721845334e-05,0.0013682576660808163,0.005981711788420978,0.1682060765782389,0,0,5.994471554942698e-05,0.00028136900219007674,2.286209624321086e-05,1.2777671223112015,0.005768678541104415,0.006755670911177437,0,0.8963440938707172,0.0005941546060281099,0.011994073179480865,0.001622194588402284,0,3.025528554056395e-06,1.3520445116391177e-05,0,0.00010731376638842015,0,0,0.0013387608324128052,0,0.00010845928948447479,9.56292250482118e-06,3.838727188298415e-06,0.009712159476211237,1.5581067161827822e-05,0,0,3.6670401162402565e-07,2.305373365395854e-06,0,0,0,0.0002816554638488367,0,0,1.0943058576195647e-05,0.0002717326025667667,0.0005704087207488924,0.015559456308388724,0.20470404798725328,0,4.375651691709129e-06,5.022054246184521e-05,0,0.01227914604837465,6.974403084746555e-05,1.6108404900597418e-05,0,0,0,0,0,0,0,0,0,0,0,0,9.75202567131957e-06,0,0,0,9.542720289260061e-07,0,0,0.00010939075837043796
9.787562557355354e-05,5.935266125821093e-05,3.462500916675558e-07,0,0.00034417802191316437,0.0024965511429689193,0.00011534884430023325,0.00026554355287852386,0.0005086337790280111,1.3016692481680092,0.010826657042145424,0,0,6.668356767028387e-06,0,0,1.1433509549313958,0.1041798729117944,0.0024988706126640226,0.0007789148201594293,0,0,0,0,0,0,0,8.177876878632375e-05,7.635410346153884e-05,0.00027316722982340493,7.072938050723421e-05,0.04244295985257942,0.0415474472537272,0.17111586664282985,0.006976934544154434,0.0012153156549473798,0.014338118714964359,0.006126952849120198,4.025889912066484e-06,0,0,0,0,0,0,0,0,0,1.705032302536512e-06,0,3.8557229542613436e-05,0.0004811250173658064,0,0,3.9186288856490695e-05,0,0.000444203952112466,0.0002870218823307492,0.00015230425331939378,0,0.00035662337134209794,0,0,0,0,0,0,0,0,0,0,8.102458651541667e-07,4.189430253977825e-05,4.3673166169802123e-07,0,1.3077516904541694e-05,0,0,0,0,0,0,0.003927214388607976
0.0003361874227927612,0.0003154653805960486,1.117943526324169e-06,0,0.0012203157457859458,0.0024895758503182663,0.00048724972577363556,0.0002069751671512214,0.00037618822308801893,0.007397445752737975,0.0006474862567081744,0,0,1.0551998191781245e-05,5.994471554942698e-05,1.1433509549313958,0,0.051084848047392266,0.7082888862413727,0.002337992995292189,7.371664042778494e-06,0,1.5680623515659323e-05,0,1.3482825134541354e-05,0,0,0.00011444257519715797,0.0011955788306071999,0.027474679036515494,0.08788769542254006,0.3857350021030879,0.16086143996887423,0.06270741621750116,0.002769594568497231,0.00022676086392669253,0.00941393892159951,0.0016064800348794559,7.404005687230042e-06,9.81281122931982e-05,1.5743694931591247e-05,0,0,0,0,0,0,0,0,0,2.0792307901662603e-06,0.00013606659268600312,0,0,0,0,0.0002828372087397409,0.0001356844713621187,0.0005698860746929048,5.614847094891958e-06,0.0005488764007519491,0,0,0,0,0,0,0,0,0,0,0,1.478614149220356e-05,6.230591299811362e-07,0,4.7460639410763665e-05,0,2.35056787772328e-06,2.4014296032889783e-06,0,0,0,0.0008989383632531136
7.991482250451157e-05,4.011540611623836e-05,5.529299672235834e-06,0,0.00011585853522079977,0.0001782901249340353,0.0002957984746020311,0.0005773679967247502,0.0011266158801196918,0.00214678856698318,0.0033980134402749385,0,0,8.397032633165067e-06,0.00028136900219007674,0.1041798729117944,0.051084848047392266,0,1.727379262207306,0.19051678627909513,0.031053414947645654,0.001379397803611983,0.13741557654295058,0.0013960565061878268,0.002110504555679609,0.00031258695621347955,4.868889884051933e-05,0.00018407752586470448,0.001405461981808237,0.001192301542310159,0.00010828263855153429,0.0030363651210506028,0.000197710374874941,0.0011697699456907976,0.007321777429959905,0.0004889067830118004,0.005206929801999134,0.002186312671283666,5.707671924943323e-05,0.0014905787797955211,0.00033613373306106515,0,0,0,0,0,0,0,0,0,0,5.7189769971727155e-05,0,0,7.922642225347292e-06,3.1492554921940724e-05,3.537949981348965e-05,0.00021296170167142976,0.0012524798550607244,0.000257242286298588,0.002709292335224088,0.0002464536239130854,0.00010893526751361586,0.0002790439278795104,4.1522159557203726e-05,0,1.7907091480431428e-06,0,0,3.894426396104832e-05,2.4934085538232163e-05,8.076458627946549e-06,0.00010440708794643273,9.412887201014826e-07,0,0.000524519615178311,0,5.460261202479923e-06,0,4.418206246613646e-07,4.948639682146253e-05,0,0.0023184798461376036
9.992056428681642e-05,7.765247878298439e-05,6.9916878694575946e-06,0,0.0004231800798036174,0.0007153994134281225,0.0013449294457392794,0.00045718752973475103,0.0025432890750784667,0.0014290161158719808,2.349250656773111e-06,0,0,0,2.286209624321086e-05,0.0024988706126640226,0.7082888862413727,1.727379262207306,0,0.0015787364758347584,2.9064193405292586e-05,0,0.40155650430118256,2.4706039287043288e-05,0.004238729983028257,0.00024444642067471744,5.307971456328933e-05,0.00020870406205806383,0.017209214876487224,0.10812844144887335,0.10359456407051741,0.004655136669181292,3.246679445623946e-05,0.0009091304980057501,0.0023451498695511233,2.0951681145804646e-05,0.0041380586302425665,0.0016158701524082704,4.885912175548178e-05,0.0009672937329531486,0.0002695882901890525,0,0,0,0,0,0,0,0,0,0,0,0,0,0,0,0,0,0.00024222021154011075,2.080676362371733e-05,0.0006036222795902876,2.1109798714880615e-05,5.231066056151125e-06,1.98649797617984e-05,0,0,0,0,0,0,0,0,0,0,0,7.350700395669905e-06,0,0,0,6.170315965671207e-07,0,0,0.0008510333263590857
8.372980561966112e-06,7.135868343881423e-06,6.769718984545372e-06,0.00010233718393032535,9.263466678227764e-06,1.9414012354872477e-06,2.482173619754385e-05,0.005182403592321618,0,8.305600642678103e-06,0.2950025945542648,0.0011868210312741994,0.005323013556947792,0.08510467216962138,1.2777671223112015,0.0007789148201594293,0.002337992995292189,0.19051678627909513,0.0015787364758347584,0,1.201021878523426,0.19039276011649992,0.0008335518868735392,0.2364645370379141,0.0008257373234513896,0.002895429120064781,0.000895973639391662,0.0001531105549080703,0.0003908731132326252,0.0006168405128269585,0.0001091220198679657,0.002531016813539099,0.00017544308850621796,0.0004208766430613546,0.007994123527620762,0.0006314129087891105,0.002391562913315532,0.0012268993894320784,5.6151238787221135e-05,0.00823167728685632,0.00030109542464506193,0,0,9.054292589856872e-07,6.15463611759437e-06,0,0,0,0.000759484022373088,0,0,0.0008955383885134822,0.0003744799105367897,0.0009146333442036072,0.008151487002276438,0.013735025891846038,0.00029097533690378803,0.00039744299183863425,0.00252447740364385,0.00047390949604693823,0.08934917995679632,0.0013163180729596343,0.0006240771798564883,0.0005544417059873,0.0005494088394657148,2.36256769335928e-05,6.4559894392529164e-06,1.1549028115781606e-06,1.8840112088368487e-06,0.000169755084650634,2.7566850197785898e-05,2.1025013980087093e-05,0.00021076385206347358,2.7375603273010927e-06,0,0.0015244617009943292,3.0585995092977175e-05,0.00017733821575120155,0.00011908540063271054,8.61327058976575e-06,0.0005305988028577405,3.2033573754823433e-05,0.002044462126330102
5.486426502417804e-07,3.8682008316354184e-07,0,0,0,0,7.483590837527109e-07,0.00012754349757171604,0,0,0,1.6090421227816177e-05,0.00011193548883740009,0.00044468028711207476,0.005768678541104415,0,7.371664042778494e-06,0.031053414947645654,2.9064193405292586e-05,1.201021878523426,0,0.275001541506522,0.0055616795152551,0.018570969460648987,0.00020273319677126717,0.0003763568540944681,1.4150795254544561e-05,0,2.342299256064392e-05,6.654400348278903e-05,0,0.00024171486293784406,0,9.941314680186637e-07,0.0008264495037791819,1.8858451259480625e-06,0.00018977881155150299,1.2577226520387624e-05,0,0.0012235656769065322,3.7566115254433687e-06,0,0,0,0,0,0,0,4.888981231590962e-06,0,0,0,0,3.792298055496378e-06,4.422545214347568e-05,0.00025977125540761135,0,0,0.0001433375594035378,3.226093801713895e-06,0.0024842316660728925,0.014642035646004725,0.0017018535192252714,0.0001811603304586392,0.0005868029004401489,1.0046289609935134e-06,0,0,0,0,0,0,0,0,0,0.0001234501935073279,0,0,0,0,3.206333780831371e-05,0,9.58635770718102e-05
3.718673449316615e-05,8.801670859790138e-06,3.435934179318208e-07,3.670626443119052e-07,5.674646154930493e-06,6.00899483766472e-07,1.7669779870524316e-05,2.1001632373221226e-05,0,0,0,0,1.20436340632646e-06,2.2682414415205095e-05,0.006755670911177437,0,0,0.001379397803611983,0,0.19039276011649992,0.275001541506522,0,0.009767191902769413,0.43666018543108476,0.0007713442309606771,0.0011218211620816776,1.5753702269066707e-05,4.0251203519373464e-05,0.00011161370762806861,0.00020735750063152492,0,0.00021924240263268948,0,3.2461427371373503e-06,0.0007359276282545527,9.326810171658819e-07,0.0002473198040982619,0,0,0.001378696130171337,1.7287426267593355e-05,0,0,0,0,0,0,0,0,0,0,0,0,0,0,7.145790329375764e-05,0,0,4.7567901301732115e-05,0,0.0008546198356828771,0.01261657639387472,0.010884454720304032,0.0003217464775109081,0.008394365556355494,1.1813614543600694e-05,0,0,0,9.68047588018852e-07,2.615860820910957e-06,0,1.9262720494474217e-06,0,0,0.00012412263757603564,0,0,0,0,3.875722440508145e-05,0,3.1300618130168024e-05
0.0002281743377686262,7.428927615878553e-05,6.770423535422081e-06,0,4.239746168877956e-05,0,0.00015392810115474661,0.00012161615204144588,7.025006657284222e-05,1.2701847858995363e-05,2.9840985145751754e-06,0,0,0,0,0,1.5680623515659323e-05,0.13741557654295058,0.40155650430118256,0.0008335518868735392,0.0055616795152551,0.009767191902769413,0,0.08904520105387262,0.09082162255898787,0.00150772217722049,0.00012902395087285162,0.00027998456208631374,0.2866882913680705,0.0439905034495308,0.00012270293658712915,0.0025186253398872672,0,0.00038545463193106,0.002020856262055462,1.250279761882475e-05,0.002234901254896473,0.000601003833067828,3.497956667507753e-05,0.000971876089153642,0.00042537331155831007,0,0,0,0,0,0,0,0,0,0,0,0,0,0,0,0,0,5.033952590282522e-05,5.893924549303068e-06,0.0004521655813715079,0.00010968671895699166,0.00011427920647854262,0.00024368805209367919,6.923966023935331e-05,1.4115642534547762e-06,0,0,0,0,0,0,0,0,0,6.781969158875132e-05,0,0,0,0,1.4286314388901484e-05,0,0.0005336801880528448
0.0002381491067599169,0.00010560214891067018,1.7874241245232286e-05,4.067109777443683e-06,1.9418453613321045e-05,0,0.00011061820521736131,6.656428719710936e-05,0,0,0,1.1116398503470186e-06,3.0667264507107003e-06,8.591332005468803e-06,0.8963440938707172,0,0,0.0013960565061878268,2.4706039287043288e-05,0.2364645370379141,0.018570969460648987,0.43666018543108476,0.08904520105387262,0,1.2127013111300768,0.15052451273410467,0.0007848958752065114,0.00040854298021005437,0.000955191013399206,0.0009639923947067781,0,0.0007105357235990227,0,5.022048561607076e-06,0.001958327777159197,3.406908260206569e-06,0.0009967020203627403,0,1.3065956186760871e-05,0.009708902732574456,0.00013030735161702786,0,0,0,0,0,0,0,0,0,0,0,0,0,0,0,0,0,0,0,0.00038829521529084145,0.00029986799536303943,0.0007050740709121313,0.0008129592254952943,0.037500137326353065,6.757934414867113e-06,0,0,0,0,0,0,0,0,0,6.225440587042523e-05,0,0,0,0,5.466565972958923e-05,0,0.00042272878405970874
0.00010535933316711035,3.2567310001086706e-05,1.0431950170996148e-05,3.4766551198957495e-05,0,0,3.877993423494548e-05,3.058169361549849e-05,2.1754508539246465e-05,0,0,3.3932968500828783e-06,5.112044217182248e-06,0,0.0005941546060281099,0,1.3482825134541354e-05,0.002110504555679609,0.004238729983028257,0.0008257373234513896,0.00020273319677126717,0.0007713442309606771,0.09082162255898787,1.2127013111300768,0,1.6499650951144675,1.171245530717823,0.022698642388892225,2.8046047319911453,0.0025923625652817307,7.277463704775008e-06,0.0004763566892169038,0,0,0.003985477015975564,8.316025729032977e-05,0.0009673885908549408,0.00022806574959114779,0.00012951321410306564,0.04059637601861842,0.007579745340776148,0,0,0,0,0,0,0,0,0,0,0,0,0,0,0,0,0,1.6234169063132003e-06,0,3.919441711448479e-05,3.3647626282679342e-06,0,8.464095665356192e-06,2.2482055120295094e-06,0,0,0,0,0,0,0,0,0,0,0,0,0,0,7.043547447362782e-07,1.7375148196654024e-05,0,0.0005210696955046921
0,0,0,0,0,0,0,4.8617976478470794e-05,0,0,0,1.564314929403949e-06,2.7006136985721488e-05,5.3223009935523184e-05,0.011994073179480865,0,0,0.00031258695621347955,0.00024444642067471744,0.002895429120064781,0.0003763568540944681,0.0011218211620816776,0.00150772217722049,0.15052451273410467,1.6499650951144675,0,0.22688208760826215,0.0003437517397331359,0.0017354282926824594,0.00010986802256751497,0,5.878483601698398e-05,0,0,0.0006228839565601114,0,5.617449763494921e-05,1.4871347819479317e-06,1.468734443538364e-06,0.10989313639653574,0.0014461409731556499,0,0,0,0,0,0,0,0,0,0,0,0,0,0,0,0,0,0,0,5.887908028229594e-06,0,0,0,0,0,0,0,0,0,0,0,0,0,0,0,0,0,0,0,4.040408062778886e-06,0,0.0016329422544870576
0.0008846769857477875,5.828686372199493e-07,5.810361708373635e-07,0.0005368758185120624,0,0,3.827195178506885e-06,5.060867488612111e-05,0,0,0,6.09423535495024e-05,2.6094776652085344e-05,5.1928601648970344e-05,0.001622194588402284,0,0,4.868889884051933e-05,5.307971456328933e-05,0.000895973639391662,1.4150795254544561e-05,1.5753702269066707e-05,0.00012902395087285162,0.0007848958752065114,1.171245530717823,0.22688208760826215,0,0.5788326230140581,0.001518253690355134,6.04505926632286e-05,0,2.8043320888641423e-05,0,0.00035158635218013724,0.006505569796121897,0.0003530447348918053,0.001418753495038334,0.001218436033213135,0.0003407938692490644,0.1755326270321882,0.4678867703998752,0,0,0,3.2359198009122503e-06,0,0,0,0,0,0,0,0,0,0,0,0,0,0,0,0,0,0,0,0,0,0,0,0,0,0,0,0,0,0,2.3344968779559324e-06,0,0,0,4.022838414284942e-06,0,0,0.0012308950878169044
0.012480986892783269,9.203773886011349e-05,0.00010808071077452437,0.002811446762229279,2.3122856529154685e-06,0,0.00018940671914089032,8.504530531981167e-05,0,1.646569159498038e-05,0,0.00034806709631931063,1.4226035268779265e-05,2.6921762309496258e-06,0,8.177876878632375e-05,0.00011444257519715797,0.00018407752586470448,0.00020870406205806383,0.0001531105549080703,0,4.0251203519373464e-05,0.00027998456208631374,0.00040854298021005437,0.022698642388892225,0.0003437517397331359,0.5788326230140581,0,0.07185824427150586,0.10229008920281049,2.0268110216213278e-06,0.3149229419989913,0,0.007770123259976157,0.004725531005073985,0.0005484098097113524,0.01107948767852224,0.0023086991652027673,0.0011507845447859262,0.004671628888611368,0.056052610562066014,1.697407253204056e-05,0,0,0.00015431210521732865,0,0,0,3.7438193038153436e-06,0,0,0,1.5487005622466877e-05,1.268750826026426e-06,0,0,0,0,0,0,1.0703935950302349e-05,0,0,0,0,0,0,0,1.955980314437618e-06,0,0,0,0,0,0,1.6357025607514589e-06,4.111779077508761e-05,4.705199018479605e-06,0,6.46435661287661e-05,0,0,0.0006719878666998815
0.0002303029360662366,4.902474522782819e-05,1.8529325358440447e-05,1.4485210602044092e-05,1.8315857062812986e-05,2.8197957530355076e-05,0.00038062354318872123,4.821038463664016e-05,0.00036754695351390846,3.406477209213885e-05,0,0,0,0,3.025528554056395e-06,7.635410346153884e-05,0.0011955788306071999,0.001405461981808237,0.017209214876487224,0.0003908731132326252,2.342299256064392e-05,0.00011161370762806861,0.2866882913680705,0.000955191013399206,2.8046047319911453,0.0017354282926824594,0.001518253690355134,0.07185824427150586,0,3.078137282048297,0.0027190904782943377,0.0017993584611158302,0,3.180162365343585e-05,0.002883577062112161,3.401325593829304e-05,0.001847809612431322,0.0006336383006824912,0.00017340564688361128,0.008127999583950694,0.0017878235005418883,0,0,0,0,0,0,0,0,0,0,0,0,0,0,0,0,0,3.169695810717054e-06,0,0.00010800363775755746,0,0,1.5984957308581081e-06,0,0,0,0,0,0,0,0,0,0,0,0,0,0,0,3.0462374594206465e-06,0,0,0.0002026487169950846
0.0009571105300753035,0.00023932406208108852,5.1304394560188106e-05,3.3683672233427644e-05,0.00029906379894823,0.00028995789091370054,0.00070239588434778,8.920331055518762e-05,0.0002976064670425433,0.00012213131298662914,1.3571744194764328e-05,0,0,0,1.3520445116391177e-05,0.00027316722982340493,0.027474679036515494,0.001192301542310159,0.10812844144887335,0.0006168405128269585,6.654400348278903e-05,0.00020735750063152492,0.0439905034495308,0.0009639923947067781,0.0025923625652817307,0.00010986802256751497,6.04505926632286e-05,0.10229008920281049,3.078137282048297,0,0.5354396865765549,2.012726574744355,3.4546880970716586e-06,0.0011821991292037233,0.0024938241444504784,3.3542906129199647e-05,0.0036080047859619827,0.0010560664601130425,0.00011335892245303129,0.0030911110966009244,0.0005986566096299222,0,0,0,0,0,0,0,0,0,0,1.4707171717442113e-06,0,0,0,0,2.225811448947646e-06,0,6.513089586871705e-05,0,5.753132140969883e-05,0,0,0,0,0,0,0,0,0,0,0,0,0,0,0,0,0,0,1.0281675204025027e-06,0,0,0.0003640595067747351
9.878301624696684e-06,1.4927315058141644e-05,0,0,0.00015600698519088898,0.0001375801598202343,0.00022458106716237384,3.457769629184093e-05,5.1922832526407054e-05,7.467572147075338e-05,0,0,0,0,0,7.072938050723421e-05,0.08788769542254006,0.00010828263855153429,0.10359456407051741,0.0001091220198679657,0,0,0.00012270293658712915,0,7.277463704775008e-06,0,0,2.0268110216213278e-06,0.0027190904782943377,0.5354396865765549,0,0.14927806443906683,2.46543171427743e-06,0.0002839301661417086,0.00010907049396893152,0,0.0008840323536131819,0.00021031639656152358,0,3.0573962248520207e-06,0,0,0,0,0,0,0,0,0,0,0,0,0,0,0,0,7.373383004435237e-07,0,4.517287021143748e-06,0,6.392725439899728e-06,0,0,0,0,0,0,0,0,0,0,0,0,0,0,0,0,0,0,0,0,0,5.617596319371149e-05
0.02256002604761904,0.0010113608055715355,5.839203351104652e-05,0.00045519420005730706,0.0009488728862641173,0.009344066611607789,0.00020403683926451349,0.0002699371791085607,7.4899293973424155e-06,0.039033424834976585,0.00043483623166296574,1.832069969595196e-05,0,9.809016750922566e-06,0.00010731376638842015,0.04244295985257942,0.3857350021030879,0.0030363651210506028,0.004655136669181292,0.002531016813539099,0.00024171486293784406,0.00021924240263268948,0.0025186253398872672,0.0007105357235990227,0.0004763566892169038,5.878483601698398e-05,2.8043320888641423e-05,0.3149229419989913,0.0017993584611158302,2.012726574744355,0.14927806443906683,0,0.46056789072166177,0.2171075242949577,0.0030219809651320455,0.00016837087645106392,0.020233035515627915,0.0013858319762386757,0.00011229077996004647,0.0011810217247410037,0.0008638157234192972,0,0,0,5.516428175269831e-06,0,0,0,0,0,0,3.508338804743434e-05,0,0,0,0,7.20301825551694e-05,2.9179010293243403e-05,0.0004516411485538182,0,0.0004965865647530279,0,0,0,0,0,0,0,0,0,0,0,2.9957579950233455e-06,6.404796446785869e-07,0,3.3604748906599514e-05,0,0,3.8018119478948505e-06,2.5160139938249317e-06,0,0,0.0006236102531051547
1.0674848338920145e-05,5.762139997515565e-07,0,0,1.2983116283772885e-05,0.00012109523100742653,0,2.092462689062954e-06,0,0.0048362541094034,1.0440059955085552e-05,0,0,0,0,0.0415474472537272,0.16086143996887423,0.000197710374874941,3.246679445623946e-05,0.00017544308850621796,0,0,0,0,0,0,0,0,0,3.4546880970716586e-06,2.46543171427743e-06,0.46056789072166177,0,0.22306481825389998,5.764662767242278e-05,1.8008451263507635e-05,0.0027404912747197906,9.917621332845078e-06,0,0,0,0,0,0,0,0,0,0,0,0,0,0,0,0,0,0,1.7526795952225799e-06,1.9027263262921508e-06,3.501543612755652e-06,0,5.192450474622907e-06,0,0,0,0,0,0,0,0,0,0,0,5.908614250325719e-07,0,0,0,0,0,0,0,0,0,5.112444319444579e-06
0.7841035507095231,0.007799824181259656,1.4688259336022198e-05,0.00016102356015752417,0.09654670849716633,0.8595711577631436,0.00036708572031446184,0.000947073939019497,0,0.24273756957866685,3.11906266619398e-05,0,0,0,0,0.17111586664282985,0.06270741621750116,0.0011697699456907976,0.0009091304980057501,0.0004208766430613546,9.941314680186637e-07,3.2461427371373503e-06,0.00038545463193106,5.022048561607076e-06,0,0,0.00035158635218013724,0.007770123259976157,3.180162365343585e-05,0.0011821991292037233,0.0002839301661417086,0.2171075242949577,0.22306481825389998,0,0.00037268655739587723,9.69536465297841e-05,0.09729161821358899,9.570368487302284e-05,3.3864803022014033e-06,0,0.00029415483571847357,0,0,0,0,0,0,0,7.1938181372969355e-06,0,0,0,0,0,0,0,0,0,0,0,0,0,0,0,0,0,0,0,0,0,0,0,0,0,0,0,0,0,0,0,0,0,1.0799376545682936e-05
0.0013317702133805946,0.0053574118123604735,0.0012067965007621722,0.0005734592827013109,0.0058499024633478485,0.001467835210685261,0.013043714501172192,0.020748618758574082,0.0011955368068958556,0.009172216598272963,0.002865653299840641,5.075891153155274e-05,0.00018771021776453728,0.00016813793612211999,0.0013387608324128052,0.006976934544154434,0.002769594568497231,0.007321777429959905,0.0023451498695511233,0.007994123527620762,0.0008264495037791819,0.0007359276282545527,0.002020856262055462,0.001958327777159197,0.003985477015975564,0.0006228839565601114,0.006505569796121897,0.004725531005073985,0.002883577062112161,0.0024938241444504784,0.00010907049396893152,0.0030219809651320455,5.764662767242278e-05,0.00037268655739587723,0,0.7752169491966234,0.01584916769611532,0.024346673229709948,0.019179091143689733,0.30724410843192657,0.052948843371198186,0,1.2479603296313094e-05,7.005844300333914e-06,7.0742654475508805e-06,3.6038769681758096e-05,2.4614755933363362e-05,0.0005832516994598155,0.002590514828534614,0.00010040532478174605,3.3830048110450065e-05,0.0002649852129802206,5.179421522545299e-06,3.456758666494785e-05,1.962102549682275e-05,4.325001235040085e-06,2.740865130940115e-06,1.797395975458121e-05,0.0004948303973449419,1.4037810215282807e-05,0.0014121157850436735,0.00010908141479283549,6.726886882750592e-05,9.956845720757035e-05,0.00011919126828466409,7.125951956862431e-06,7.602974213033614e-06,0,0,0,0,7.947689306990861e-07,1.3016007592075881e-06,0,0,0.01607702133272851,0.00016666836589648154,0.00017569984850354664,9.486550213002358e-05,2.0478378367851057e-05,0.0016842774699434154,0.00024587120704119646,0.462724435497178
0.0054743983564444374,0.015531866081839004,0.006236894407487685,0.003928906524499932,0.007363480214897094,0.0009995059769575033,0.0305278972354213,0.016433333416915538,0.0008495418770041572,0.004454348275627983,0.000866858903606059,2.2988391547711182e-05,8.183453615667267e-06,3.3105869340881308e-06,0,0.0012153156549473798,0.00022676086392669253,0.0004889067830118004,2.0951681145804646e-05,0.0006314129087891105,1.8858451259480625e-06,9.326810171658819e-07,1.250279761882475e-05,3.406908260206569e-06,8.316025729032977e-05,0,0.0003530447348918053,0.0005484098097113524,3.401325593829304e-05,3.3542906129199647e-05,0,0.00016837087645106392,1.8008451263507635e-05,9.69536465297841e-05,0.7752169491966234,0,0.09866523220989123,0.03803363274739321,0.5244733615026282,0.0029439822728330937,0.002186572069360288,2.717992318202595e-06,2.9630682289279436e-05,5.03148887071538e-05,0.0003196865258863424,2.39527114433582e-05,0,0.0004289255542722022,0.0015069806578785286,4.920527496744457e-06,3.0277935581462798e-05,0.00014369633267706988,1.8825213741425126e-05,7.540556738264381e-06,1.3506058918037064e-05,0,0,0,0,0,1.2329778397940642e-05,0,0,0,0,0,0,0,3.321195587102382e-06,0,0,0,0,0,0,0.0008646504242868097,0.00017798645812022867,5.9622258430701724e-05,1.4154258936877874e-05,0.00017180300659616802,0,0,0.025108685280480273
0.014595103763928332,0.010070214654633376,0.0038402833998508307,0.0030096810052356606,0.009027497324775173,0.003974405416885406,0.014946629948061726,0.022490628124050952,0.0009966731002212402,0.01584584662225812,0.0013720405227823542,0.00026255562231335426,0.00013433334841490705,4.8728678354723425e-05,0.00010845928948447479,0.014338118714964359,0.00941393892159951,0.005206929801999134,0.0041380586302425665,0.002391562913315532,0.00018977881155150299,0.0002473198040982619,0.002234901254896473,0.0009967020203627403,0.0009673885908549408,5.617449763494921e-05,0.001418753495038334,0.01107948767852224,0.001847809612431322,0.0036080047859619827,0.0008840323536131819,0.020233035515627915,0.0027404912747197906,0.09729161821358899,0.01584916769611532,0.09866523220989123,0,3.4930941690369868,0.08394006045517617,0.001501147353431962,0.013660752303399668,0,4.355583111797665e-06,1.0273830027258168e-05,0.00012468651329728303,2.6746389241413583e-06,1.7049693803094388e-06,0.00010980571472031158,0.0014221384911991856,9.900903139567811e-06,8.914555724592073e-05,0.0001556375230171891,1.429140908649775e-05,1.1529643994371514e-05,0,0,3.000719089688059e-06,2.37824311671452e-06,8.355612365756876e-06,0,0.0004264768089669164,5.378974560720461e-07,0,0,0,0,0,0,0,0,0,0,0,0,0,8.526497628416828e-05,4.966741989575954e-05,8.822109094662436e-05,2.543179534294403e-06,0.0001491266489699023,0,0,0.009852840723481478
