0,129.65527068322262,6.518664970047416,85.73378936655632,34.46586970174645,7.25620625321247,49.74331324035841,1.4668599339725408,0,0.5930334099648092,0,1.0534057102866088,0.0840960995533452,0.024535100011201023,0,1.1571019684606458,3.993676242712967,2.0199355944982695,2.180248205244943,0.2047503473189747,0.015724814286444597,0.9324173876428458,5.506011979562373,5.529786819702042,1.8527224021031223,0,2.256459414704502,27.944122714757697,3.1607488393122036,11.054434420940954,0.14310247873428752,42.39763399344429,0.09857286150838264,134.94841123152617,11.276280830209556,15.849953520011747,41.10365467528103,2.9524076896893927,6.934021443424158,1.9779314487579367,2.6093128518209503,0.16704429141003505,0.0228930196901401,0.2081947616401897,1.9325818783116528,0,0,0.1087907930765241,0.25670108908423844,0,0,0,0.05661192996162694,0,0,0,0,0,0,0,0,0,0,0,0,0,0,0,0,0,0,0,0,0,0,0,0.1364405470271853,0,0,0.19601671036433685,0,0,3.0059399915160867
129.65527068322262,0,0.713966617079242,0.05261348901760087,94.94215623421755,8.92931821025691,61.84391000041707,3.441593800620109,0.02499781850296704,1.0614703881944236,0,0,0,0,0,1.0772915864867743,4.818050854879485,1.177924427373351,1.8845438727356543,0.20572928267259005,0.015565003450314538,0.25777976857819673,2.2258322296427786,2.851971592336084,0.76368169250719,0,0.016708538822757597,0.9662732376359511,0.8903495274604923,4.403344590754929,0.2853900102325446,8.731162397551946,0.00719624719273235,19.396845358359926,37.060003140776075,44.26528683395157,35.337236491175354,7.438506415773857,1.342537235477438,2.7870025996338237,0.5892410312342022,0.17294465574187776,0.433371320808481,0.32788896062157286,0.18176695424870631,0.12612082341765776,0,2.3062630838459186,2.608036974958719,0,0,0,0,0,0,0,0,0,0,0,0,0,0,0,0,0,0,0,0,0,0,0,0,0,0,0.11587304466418491,0.27711056602326795,0.027553308196920947,0,0.028335842485529075,0,0,12.382136824771058
6.518664970047416,0.713966617079242,0,20.380554764915477,0,0,27.876627306811116,15.864872784423675,0,0.04427987368499157,0,0.09095485548804627,0,0,0,0.008746227947963453,0.03027896289101516,0.2031675814461993,0.23711315279571746,0.2249587760257824,0,0.010342458062771556,0.23944194601908114,0.537600217452309,0.254727100111842,0,0.0074958065308357085,1.400584176951607,0.352030598372438,0.9506127074311997,0,0.9634866772648499,0,0.11508694047926266,10.848543994881206,19.726981263321587,16.790854759894184,1.9255687957036862,5.594049193149613,0.40582568532083324,0.13265208869287348,0.5668943055678324,0.5783697013932156,2.6109748028661737,5.923983516851438,0.09782479167857158,0,4.481227068272989,7.983649057408714,0.0199794000012498,0.013746321713411152,0,0.454325487742455,0,0,0,0,0,0,0,0.06737493631851174,0,0,0,0,0,0,0,0,0,0,0,0,0,0,0.4032811095455859,1.5824377598364636,0.10922196202901376,0,0.18370727438681064,0,0,2.770521826566333
85.73378936655632,0.05261348901760087,20.380554764915477,0,0,0,1.0153332827021224,92.03580978391095,0,0,0.01554476153226655,111.0638067323414,5.064345457265078,3.7027094214165532,1.7276452930535207,0,0,0,0,2.1478552793800705,0,0.010423280671707391,0,0.11098221829661295,0.3585131358790081,0,2.561104724000126,14.28181259595742,0.1654405433344889,0.4065080381133617,0,3.051903797633938,0,0.370597308566252,5.619202982989994,12.614577922496485,12.060754032426994,0.07137903021545829,10.010245748903296,0.3528314037074644,1.070821979394602,7.562234013618089,0.5320280310816442,11.316710375340614,134.6019781680388,0,0,6.826291326140621,27.222439849684818,0,0,0,28.069179741399136,2.4003439142750866,0.743787211778408,0.3062112605675253,0,0,0,0,0.7439420245414502,0,0,0,0,0,0,0,0.15468430708511585,0,0,0,0,0,0,0.13155079669764533,11.836465044055485,0.20584149670730972,0,3.5554300289713963,0,0,0.24916957580442595
34.46586970174645,94.94215623421755,0,0,0,131.114279603059,176.70251948732837,18.083963795078592,4.751645403871551,8.784460469972855,0,0,0.01837481293314528,0,0,4.540186295622363,15.347435088771748,2.6930059255352736,7.798335371132445,0.24380809312468002,0,0.16094820677002322,1.1447742793011422,0.5228292829926444,0,0,0,0.03995346093474607,0.4935257458004856,6.471952160761492,2.713538830947457,11.071636955370192,0.14894770494869816,73.79133672219058,39.44035707707027,29.275031055245247,34.14399364196493,7.07962040728812,0,0.5167117410502577,0.07535182024656085,0.03472832447681762,0.060596283862073816,0.02761774054200287,0,0.27675478561554423,0.05557302213419376,5.48657964471409,8.186246931617244,0.09317041969272974,0,0,0,0,0,0,0,0,0,0,0,0,0,0,0,0,0,0,0,0,0,0,0,0,0,0.5038611748659774,0,0.030314729319832947,0,0,0,0,14.264298936840015
7.25620625321247,8.92931821025691,0,0,131.114279603059,0,74.18817728772699,34.83944384059767,69.49542269210542,159.25120241027068,0.026258536913329255,0,0,0,0,10.969360131763334,18.61603489675086,2.3212469467616375,9.181183914503574,0.03436417237314685,0,0.01593945094767856,0,0,0,0,0,0,0.6312410879912582,5.193660829762851,1.868240664908737,20.229596338921944,0.4456397217332836,141.00251850740378,10.143833898085484,4.6973054550898015,15.82029990758324,1.813572636390813,0.015113326990480461,0,0,0,0,0,0,0.029863037397542487,0.7009258302160666,3.7778022950389634,14.027519847936773,3.676443623116958,0.3116517914316888,0,0,0,0,0,0,0,0,0,0,0,0,0,0,0,0,0,0,0,0,0,0,0,0,0.41709352639138414,0.03366089488100284,0.06744740915833301,0,0,0,0,4.9444354866618045
49.74331324035841,61.84391000041707,27.876627306811116,1.0153332827021224,176.70251948732837,74.18817728772699,0,195.0116920668692,112.34287843511028,20.603653707321783,0.04428191217078031,0,0.08178535704448067,0,0,2.094337202867128,8.087570190606895,7.167287588453428,24.16671070741953,0.7491439835090784,0.02846569444738176,0.5758669000070136,4.682727374673556,3.290130597545111,1.0328816702740358,0,0.08008985960726911,3.1722697717425965,9.242018084136376,14.965393027942904,4.176720006595164,3.7035096046465514,0,2.6597806132041186,90.39156627767638,94.5144011039286,63.787972193331264,13.003808825102464,5.172743291667104,4.63848852617036,1.6116489114337884,0.4090862227606761,2.844153753421323,2.5646346917325484,2.7965247194034064,5.2512240460936646,4.178895441738601,49.33680268124285,64.02384251453196,7.106302745867393,0.11308198796854031,0,0.31752452878030335,0.29410139060958373,0,0,0,0,0,0,0,0,0,0,0,0,0,0,0,0,0,0,0,0,0,10.182635482989827,4.341127833771468,2.174762020820724,0.1378357198311429,0.1613146881253605,0,0,27.429414084374123
1.4668599339725408,3.441593800620109,15.864872784423675,92.03580978391095,18.083963795078592,34.83944384059767,195.0116920668692,0,193.82716729439682,80.06372140028685,74.15775446790697,112.40799230069612,151.22769407789784,92.3036521118915,23.313946536073125,5.083155066960444,4.260813640432148,11.91404091912431,9.364883883782245,59.45673165300553,2.734445630220392,0.6290199199407034,3.747516813466972,1.995472683844365,0.8506544768722892,1.1509339971560912,1.458275920831628,1.6566697713262184,1.1551069272323582,2.2108652903099157,0.7819034191645315,5.305770365774595,0.039374212590988805,8.538705235079217,141.94183713138216,67.29015524287732,107.97519824971404,32.21585071215196,2.3283749137714147,5.156816688803576,0.8699224700195274,1.9545204836385588,4.233937283850845,7.708124638011108,21.73698737985179,8.22399213897715,14.662948882054616,68.2222748431063,368.35464025325035,34.478631682058946,29.18635654054302,11.032162572577702,26.810744088013077,20.021153030227854,12.603260252430715,5.076424308699965,0.3298200408017533,0,0.08614357115610402,0,16.266712504146405,0.06552866991636702,0,0.11148589643320046,0,0,0,0,0,0,0,0,0,0,0.7814432414365058,34.38064596211932,16.518456735556548,18.1537259648183,7.341588286040893,0.8232236595601249,0.21034862948081956,0,67.13285389038576
0,0.02499781850296704,0,0,4.751645403871551,69.49542269210542,112.34287843511028,193.82716729439682,0,173.10859142974397,0,0,0,0,0,3.6690311810925125,3.951962791376689,11.151462738010926,26.805514712234245,0,0,0,1.1231153685108692,0,0.47157817745768943,0,0,0,6.740062988314025,4.9666379275337125,0.6913883842288232,0.12281255548758951,0,0,6.949309245314325,2.855913075026718,4.409312755942677,0.9461206122648426,0,0,0,0,0,0,0,0,2.7786322189751322,4.259847691767639,32.866169283556474,13.541690295598615,9.073990110082807,0.3456606917554085,0,0.03048677779050638,0.06010213771475926,0,0,0,0,0,0,0,0,0,0,0,0,0,0,0,0,0,0,0,0,0.6441317075898718,0.23541119139054745,0.19129543977394983,0,0,0,0,5.388304580506335
0.5930334099648092,1.0614703881944236,0.04427987368499157,0,8.784460469972855,159.25120241027068,20.603653707321783,80.06372140028685,173.10859142974397,0,16.192692699038027,0,0,0,0,258.80712407803253,30.049976526417094,16.05549390122414,13.47722252979036,0.10371125378671017,0,0,0.15949543156089369,0,0,0,0,0.16358997951456167,0.6178455411017544,1.9027188560379862,0.8872715580260654,35.54943051168484,6.076605506025421,94.33399685481517,45.09979648311808,18.43144919329725,58.13843403339116,33.55972102603349,0.015917028744426426,0,0,0,0,0.004682207947456151,0,0,0.18784535677380357,0,27.18433507555476,5.053260863861908,32.06096382273968,18.002615755169845,0,0,1.4835410434648895,0,4.494947754524674,0.09306561705539029,0,0,0.12101653899399482,0,0,0,0,0,0,0,0,0,0,0,0,0,0,0.5322093953825019,0.7654119979190676,1.9358302390022777,0.17070727458828477,0,0.029308047794089766,0,55.89152906534643
0,0,0,0.01554476153226655,0,0.026258536913329255,0.04428191217078031,74.15775446790697,0,16.192692699038027,0,0.05776055610053027,4.645789379564572,124.60953470813153,0.22685139667153,12.695725379965552,4.7337716325030135,6.940774279705608,0.017233156149031176,91.51654473164055,0,0,0.0187075182627202,0,0,0,0,0,0,0.21105202639400286,0,3.8189377178721062,0.057741898830713165,0.2820778306105579,18.146461336451896,5.458589927748342,9.862627131954202,3.364324629942849,0,0,0,0,0,0,0,0,0,0,17.270522516994543,0,18.657334421842762,38.27549759883626,0,0.15240237766298476,9.755910905227951,0.01874091968956014,9.848415446836901,3.2547841797836314,3.8992785638939647,0.08530035330133447,13.213841555370642,0,0,0,0,0,0,0,0,0,0.0868224447211159,0,1.3122126635690496,0.016108695298789673,0.07843283644027946,3.7434159306013743,0.9028566731393023,2.0506831634014473,0.4443829245146634,0,0.023469262688962537,0,17.66985225676979
1.0534057102866088,0,0.09095485548804627,111.0638067323414,0,0,0,112.40799230069612,0,0,0.05776055610053027,0,55.36427392912672,27.305213323609426,14.765388043393735,0,0,0,0,16.37640764557479,0.2885578486655854,0,0,0.022501376452680803,0.042190514582811395,0.03796235663758651,0.5770645332798998,1.7667354548814824,0,0,0,0.09505182164810959,0,0,0.4419566640603764,0.1017461942521172,0.8876240887762156,0,1.245814106245707,0.38369227966470515,0.4012784497890113,0.6229902236325385,0,1.062222681399829,28.239872998065618,0,0,0.5624524110350605,20.722578321049273,0,0,0,72.51875360183367,8.491751237244365,3.5597222139013063,1.9323646033699013,0,0,0,0,4.4761531496494245,0,0,0,0,0,0,0,0,0,0,0,0,0,0,0.08764742761716521,0.8183008868539313,0,0,1.1288402176726078,0,0,0
0.0840960995533452,0,0,5.064345457265078,0.01837481293314528,0,0.08178535704448067,151.22769407789784,0,0,4.645789379564572,55.36427392912672,0,82.24835154231869,27.32916709927156,0,0,0,0,37.041257027516224,1.28205344368335,0.015739487463793042,0,0.03199866049016439,0.11528415991829714,0.411476569994861,0.4880497335047683,0.1458630370865104,0,0,0,0,0,0,1.6772185008146288,0.03928898897416431,0.8530127165974173,0.02401893065500351,0.4015406190193178,1.1306633985145165,0,0,0,0.017602336786057795,1.751642597205938,0,0.01587570273511401,0.39056513015476346,25.480648411535608,0.01741907801289521,0,0.1108404158846761,19.416105146289496,48.09590658753929,10.295853983743829,3.377346229597443,0,0,0,0,8.448837770250393,0.018034588140382737,0,0,0,0,0,0,0,0,0,0,0,0,0,0.5306851684186351,0,0.04792130110369969,0,0.18262531965494494,0,0,0.219255490353521
0.024535100011201023,0,0,3.7027094214165532,0,0,0,92.3036521118915,0,0,124.60953470813153,27.305213323609426,82.24835154231869,0,65.38876240558176,0.03658306283323251,0.07097201426828639,0.06629296226267475,0,97.34530560059326,2.5316511797530237,0.18207896705079932,0,0.033623012894297054,0,0.3335845363990735,0.5414162840356797,0.04947366467859657,0,0,0,0.07932278612817471,0,0,1.5492793648150118,0.026848121604040112,0.5431134248344417,0,0.1995722669852955,1.8469551531357278,0,0,0,0.023427857517649486,0.5154496813940921,0,0,0,14.931801010448167,0.015798191903467984,1.1859914188436018,7.487854335233696,7.937867335895326,16.203141307201005,70.33421384747498,10.741146827508691,0.4291997997940682,0,0.07636078777408034,0,18.593516646383883,0.07951975999729827,0,0,0,0,0,0,0,0,0,0,0,0,0,0.24108652042058284,0.021634023834211584,0.061840823467944436,0,0.04591423175470708,0,0,0.3735970881976092
0,0,0,1.7276452930535207,0,0,0,23.313946536073125,0,0,0.22685139667153,14.765388043393735,27.32916709927156,65.38876240558176,0,0,0.3759750647471575,1.8838645366653002,0.13097809014995115,209.89158534015706,9.823475370250266,7.125293686622134,0,59.816557728131016,3.0835876641964877,10.534610290893324,6.983299359416669,0,0.02903088247462882,0.15833778984905628,0,1.048696237207637,0,0,7.809752667777446,0,1.2987190262361654,0.0662535458210754,0.06548967029637763,14.575827647365635,0.10747214725022262,0,0,0.012024112615959644,0.06265479307533395,0,0,0,5.086802022114033,0,0,0.08587724919094537,3.7387925844831824,4.365654077598175,15.840246239025687,40.85694783676345,0,0.04040051747057555,0.5947095100991865,0,25.039129956632106,0.2543730060044017,0.04406657889483541,0,0,0,0,0,0,0,0,0,0,0,0,0.11851921508237918,0,0,0,0.019699868244236692,0,0,1.2943084327387515
1.1571019684606458,1.0772915864867743,0.008746227947963453,0,4.540186295622363,10.969360131763334,2.094337202867128,5.083155066960444,3.6690311810925125,258.80712407803253,12.695725379965552,0,0,0.03658306283323251,0,0,245.28925105678306,71.65735573156884,12.1187618971544,3.2476678451577103,0,0,0,0,0,0,0,0.8569076307703866,1.1240882975837567,3.4434158524384677,0.6594752453365988,51.192586828834315,22.88392509151553,111.18627341932002,34.519814988175725,7.914867283931237,56.57113540789834,27.510394760776677,0.0499194952150523,0,0,0,0,0,0,0,0,0,0.03161957890142142,0,0.6622999538563971,6.789315809249753,0,0,0.44985635275203983,0,7.251544090428932,4.677727755564322,2.6427646381634555,0,6.042220187652159,0,0,0,0,0,0,0,0,0,0,0.016172309639656976,0.8250828302475945,0.00829838467620112,0,0.18597237561016322,0,0,0,0,0,0,40.521409462431684
3.993676242712967,4.818050854879485,0.03027896289101516,0,15.347435088771748,18.61603489675086,8.087570190606895,4.260813640432148,3.951962791376689,30.049976526417094,4.7337716325030135,0,0,0.07097201426828639,0.3759750647471575,245.28925105678306,0,75.36515619386513,196.1931670704119,18.72845167044784,0.07518083438449998,0,0.11728181524857575,0,0.16553992484074392,0,0,1.2871189837311887,10.209428547904189,68.64108273945492,77.29986176206069,221.35106819737672,50.5559759117239,95.02044882036749,14.947204373284642,1.7284135312161053,37.86140863906972,9.146851082245073,0.10267060247230657,0.9405091871712762,0.18833619739584645,0,0,0,0,0,0,0,0,0,0.04010406242778926,2.128952531871434,0,0,0,0,4.66507635106374,2.1719137979102725,9.903101040285945,0.10422442733682821,8.244878114634519,0,0,0,0,0,0,0,0,0,0,0,0.2863541377344495,0.010479378998333037,0,0.8452859824238786,0,0.04352342856832231,0.05037191023069897,0,0,0,10.633331856337731
2.0199355944982695,1.177924427373351,0.2031675814461993,0,2.6930059255352736,2.3212469467616375,7.167287588453428,11.91404091912431,11.151462738010926,16.05549390122414,6.940774279705608,0,0,0.06629296226267475,1.8838645366653002,71.65735573156884,75.36515619386513,0,334.6712252445165,102.87953510742724,16.094928189870306,4.565428336585178,88.49793087968008,7.80898424192517,16.11101078437437,2.73896193957414,0.8444254826027118,3.6408580392569414,14.437137112446212,15.872381884056626,1.1601074771393307,34.74865903589895,1.5218799679747297,12.763051397117788,54.70086391223509,6.86726317335672,40.87294237842512,17.31170917646736,1.0601287013709515,12.745562638714981,4.586506232932868,0,0,0,0,0,0,0,0,0,0,0.9980552119668644,0,0,0.11333129029020685,0.38877975082973604,0.6227543756425771,3.790256153649905,23.43956556088932,5.0224126697439715,40.7147669670578,4.942993973858715,2.0366097066182953,7.299242358479906,0.698470181030485,0,0.0313726853490535,0,0,0.9717920614669108,0.6415484447357607,0.15529896263387566,2.612258998586297,0.017218137163336193,0,9.710397016631738,0,0.10822157486071857,0,0.014141391824748233,0.789038568352795,0,32.56153557181809
2.180248205244943,1.8845438727356543,0.23711315279571746,0,7.798335371132445,9.181183914503574,24.16671070741953,9.364883883782245,26.805514712234245,13.47722252979036,0.017233156149031176,0,0,0,0.13097809014995115,12.1187618971544,196.1931670704119,334.6712252445165,0,10.680594475816438,0.1706569650032727,0,137.2517408561766,0.13623854754463552,26.587021926434087,2.0011500219266045,0.7813351468488311,3.59973826448895,76.34024341184212,149.2817615312629,76.00057688055614,37.26192676647487,0.22620297552728266,9.263337251101035,20.351589825167277,0.32219288665913737,32.01539259423643,13.029081918678912,0.8166370894684066,8.789104418747458,3.1192508891989124,0,0,0,0,0,0,0,0,0,0,0,0,0,0,0,0,0,4.636928595870347,0.39113076722326867,9.463718919356939,0.40105016768057644,0.09447668594078318,0.468791292537524,0,0,0,0,0,0,0,0,0,0,0,0.13274739403381025,0,0,0,0.016323283691214878,0,0,13.34856092914915
0.2047503473189747,0.20572928267259005,0.2249587760257824,2.1478552793800705,0.24380809312468002,0.03436417237314685,0.7491439835090784,59.45673165300553,0,0.10371125378671017,91.51654473164055,16.37640764557479,37.041257027516224,97.34530560059326,209.89158534015706,3.2476678451577103,18.72845167044784,102.87953510742724,10.680594475816438,0,142.3052611553937,52.77293721936307,6.287280429578181,79.43450419488697,8.015635193496648,12.778996152834006,9.000527971707582,3.0626528665369697,4.763105004701595,8.684539038957341,1.2534645203251633,27.265080398386274,1.3177049081597734,4.691467846792801,53.97733434019947,8.663383833053965,23.25811618157745,11.069043183967926,1.0493357101924226,34.74504341290192,4.101358818725377,0,0,0.03996537489426758,0.1827987822745513,0,0,0,16.672441830362253,0,0,8.404033562886388,6.449717550564334,9.190793764541217,23.7606257544067,26.41847443931744,4.6321888457830385,5.7770777987025586,38.43860707485887,7.574186166273996,177.0351613070941,11.802638437087378,6.6098216101272715,12.065842771337719,6.238150614748291,0.5519689277661085,0.09532218774055722,0.027392342969845683,0.06068631979523468,3.5124108186092466,0.5879237184610759,0.3201337175409889,4.402833149305347,0.040222518895558314,0,22.108502491658523,0.6325154239878471,3.4965343110024234,2.0986743282250324,0.22914732911956953,7.377589831703837,0.7841960842656517,30.31687245896407
0.015724814286444597,0.015565003450314538,0,0,0,0,0.02846569444738176,2.734445630220392,0,0,0,0.2885578486655854,1.28205344368335,2.5316511797530237,9.823475370250266,0,0.07518083438449998,16.094928189870306,0.1706569650032727,142.3052611553937,0,59.6818503679981,6.826460890188384,26.83440099099446,1.7868435237158,2.0066035906578596,0.17683188171527733,0,0.32420174923697453,1.1264655609638556,0,3.5312112459765537,0,0.01186584409857895,7.575748440768284,0.03282984693622739,2.2997657035983714,0.11437285515853304,0,7.108353571180691,0.05241571889212574,0,0,0,0,0,0,0,0.1131486894173958,0,0,0,0,0.04758771942486914,0.2991672142029919,0.9765575329010474,0,0,2.1577372130265116,0.058698913253700115,13.485601055762393,15.090330150678577,5.499852565415235,3.8308709713318656,3.9801634434012056,0.01723333158671413,0,0,0,0,0,0,0,0,0,1.829242847967877,0,0,0,0,0.38845287799570144,0,1.6431980816629552
0.9324173876428458,0.25777976857819673,0.010342458062771556,0.010423280671707391,0.16094820677002322,0.01593945094767856,0.5758669000070136,0.6290199199407034,0,0,0,0,0.015739487463793042,0.18207896705079932,7.125293686622134,0,0,4.565428336585178,0,52.77293721936307,59.6818503679981,0,8.046156865075403,82.63870519194391,3.821377186784432,3.520926663526601,0.18119215418304344,0.6890618506518189,1.4602738393660792,3.180713230924883,0,3.4840378823345906,0,0.052864722553661155,6.636974884696375,0.023178056110549017,2.9299459213632457,0,0,6.5812794349283745,0.21727995101941694,0,0,0,0,0,0,0,0,0,0,0,0,0,0,0.20423550754940212,0,0,0.3482775336645248,0,5.104802584985901,9.504125500788598,7.300218426701166,2.813724427294425,9.098924807602067,0.1111318594280963,0,0,0,0.018886148283004937,0.051855276374202036,0,0.03987062825921283,0,0,1.6213741469445813,0,0,0,0,0.4015734557388898,0,0.5078379563763671
5.506011979562373,2.2258322296427786,0.23944194601908114,0,1.1447742793011422,0,4.682727374673556,3.747516813466972,1.1231153685108692,0.15949543156089369,0.0187075182627202,0,0,0,0,0,0.11728181524857575,88.49793087968008,137.2517408561766,6.287280429578181,6.826460890188384,8.046156865075403,0,47.88488815029922,112.66338051836794,8.659079860602947,1.9187830585848602,5.158256778553219,139.86902137092488,66.3110558303875,0.7224127004313782,30.18027587297078,0,5.35290948917908,21.894692275523543,0.258015425511764,22.256284466193144,5.978348491211223,0.6436611986251821,8.434704723264996,5.478772341769004,0,0,0,0,0,0,0,0,0,0,0,0,0,0,0,0,0,1.277620688726475,0.1178428916817836,8.141436489941732,2.426745636401563,2.122736489545943,6.6487258211176385,1.1686340547549632,0.029244793716998917,0,0,0,0,0,0,0,0,0,1.2914002028061466,0,0,0,0,0.2044770069367994,0,9.02625313820923
5.529786819702042,2.851971592336084,0.537600217452309,0.11098221829661295,0.5228292829926444,0,3.290130597545111,1.995472683844365,0,0,0,0.022501376452680803,0.03199866049016439,0.033623012894297054,59.816557728131016,0,0,7.80898424192517,0.13623854754463552,79.43450419488697,26.83440099099446,82.63870519194391,47.88488815029922,0,178.66349045195966,56.42422779807676,5.691113790191902,5.797526117456249,8.9638853681038,12.111083372065249,0,10.348277260200437,0,0.08759015263010572,16.005645876350474,0.05423756479998752,10.969476745962396,0,0.18822198720247832,25.67603223125425,1.4649286655830538,0,0,0,0,0,0,0,0,0,0,0,0,0,0,0,0,0,0,0,3.4859545976330644,1.768945307226792,2.870408899360856,3.9544203775500413,19.20731624410762,0.0847454186524219,0,0,0,0,0,0,0,0,0,0.7744754497246117,0,0,0,0,0.49377412465910653,0,4.489167242259804
1.8527224021031223,0.76368169250719,0.254727100111842,0.3585131358790081,0,0,1.0328816702740358,0.8506544768722892,0.47157817745768943,0,0,0.042190514582811395,0.11528415991829714,0,3.0835876641964877,0,0.16553992484074392,16.11101078437437,26.587021926434087,8.015635193496648,1.7868435237158,3.821377186784432,112.66338051836794,178.66349045195966,0,192.19382874949534,117.73776982167492,22.53895363498436,360.7321093039016,16.136384811684145,0.06527503480513919,6.395464335991711,0,0,30.1495733367485,1.1958228443231655,9.596782763634668,1.9109588317980297,1.3302308473953455,66.46109747828982,15.988375072319144,0,0,0,0,0,0,0,0,0,0,0,0,0,0,0,0,0,0.04621837558143365,0,0.8132095980943248,0.08153460349702168,0,0.23636765173856422,0.03338772797214518,0,0,0,0,0,0,0,0,0,0,0,0,0,0,0.008777931711703102,0.14360171801136623,0,6.116493416134905
0,0,0,0,0,0,0,1.1509339971560912,0,0,0,0.03796235663758651,0.411476569994861,0.3335845363990735,10.534610290893324,0,0,2.73896193957414,2.0011500219266045,12.778996152834006,2.0066035906578596,3.520926663526601,8.659079860602947,56.42422779807676,192.19382874949534,0,57.884866721819776,1.8728541563788175,7.281704136619468,1.0490507317429225,0,0.819435615699768,0,0,5.015578152104809,0,0.6122807530924632,0.014767415739459368,0.011473086448205952,45.67767711516353,2.873455953759647,0,0,0,0,0,0,0,0,0,0,0,0,0,0,0,0,0,0,0,0.11803042586661344,0,0,0,0,0,0,0,0,0,0,0,0,0,0,0,0,0,0,0,0.019574998484085563,0,5.011202264483182
2.256459414704502,0.016708538822757597,0.0074958065308357085,2.561104724000126,0,0,0.08008985960726911,1.458275920831628,0,0,0,0.5770645332798998,0.4880497335047683,0.5414162840356797,6.983299359416669,0,0,0.8444254826027118,0.7813351468488311,9.000527971707582,0.17683188171527733,0.18119215418304344,1.9187830585848602,5.691113790191902,117.73776982167492,57.884866721819776,0,34.98587275189359,4.8927821026117115,0.34051636688481324,0,0.37053941545417185,0,0.5449769810681373,34.06097014735435,3.8476960397242386,5.918880743856351,3.9762773792287556,1.7692230324547291,110.87694730769155,83.30693261796529,0,0,0,0.029891784943353684,0,0,0,0,0,0,0,0,0,0,0,0,0,0,0,0,0,0,0,0,0,0,0,0,0,0,0,0,0,0,0.02800132495148947,0,0,0,0.02412276080116359,0,0,7.725836297038741
27.944122714757697,0.9662732376359511,1.400584176951607,14.28181259595742,0.03995346093474607,0,3.1722697717425965,1.6566697713262184,0,0.16358997951456167,0,1.7667354548814824,0.1458630370865104,0.04947366467859657,0,0.8569076307703866,1.2871189837311887,3.6408580392569414,3.59973826448895,3.0626528665369697,0,0.6890618506518189,5.158256778553219,5.797526117456249,22.53895363498436,1.8728541563788175,34.98587275189359,0,39.5492204311954,46.572499487267294,0.023781024479454245,56.69998984110895,0,10.281269412534895,30.90866674637931,5.609877987239412,25.360118886021155,7.859555992029389,5.074095469580968,20.11268257523136,45.43046506097571,0.1723024429432218,0,0,1.333747257755064,0,0,0,0.08368845088514908,0,0,0,0.12247460319974493,0.0197239688411785,0,0,0,0,0,0,0.3454919765314324,0,0,0,0,0,0,0,0.03487407224698225,0,0,0,0,0,0,0.019552348026504084,0.33199198216645054,0.05202457360455305,0,0.4329482945653669,0,0,6.555202510364525
3.1607488393122036,0.8903495274604923,0.352030598372438,0.1654405433344889,0.4935257458004856,0.6312410879912582,9.242018084136376,1.1551069272323582,6.740062988314025,0.6178455411017544,0,0,0,0,0.02903088247462882,1.1240882975837567,10.209428547904189,14.437137112446212,76.34024341184212,4.763105004701595,0.32420174923697453,1.4602738393660792,139.86902137092488,8.9638853681038,360.7321093039016,7.281704136619468,4.8927821026117115,39.5492204311954,0,422.9281085765121,10.78715757840226,13.857926821038726,0,0.523017995196201,23.652247814484053,0.44540563588961357,16.499571640001903,6.621785907823416,1.3466773202198756,24.465843390150358,5.857641314651803,0,0,0,0,0,0,0,0,0,0,0,0,0,0,0,0,0,0.07985436872515707,0,2.2590579912928423,0,0,0.047179161274149395,0,0,0,0,0,0,0,0,0,0,0,0,0,0,0,0.026585317610414036,0,0,3.8268221809503657
11.054434420940954,4.403344590754929,0.9506127074311997,0.4065080381133617,6.471952160761492,5.193660829762851,14.965393027942904,2.2108652903099157,4.9666379275337125,1.9027188560379862,0.21105202639400286,0,0,0,0.15833778984905628,3.4434158524384677,68.64108273945492,15.872381884056626,149.2817615312629,8.684539038957341,1.1264655609638556,3.180713230924883,66.3110558303875,12.111083372065249,16.136384811684145,1.0490507317429225,0.34051636688481324,46.572499487267294,422.9281085765121,0,200.30720027382318,431.62056914559344,0.021110135070049107,11.78291633983977,20.844081591540466,0.4553821024600237,27.915643681655254,10.41193788891352,0.9298307720500217,14.208072487989702,2.7570670338813335,0,0,0,0,0,0,0,0,0,0,0.03590124043024733,0,0,0,0,0.05123923820634523,0,1.787505622122358,0,1.3414437579546188,0,0,0,0,0,0,0,0,0,0,0,0,0,0,0,0,0,0,0.008025508593242843,0,0,6.054970023461671
0.14310247873428752,0.2853900102325446,0,0,2.713538830947457,1.868240664908737,4.176720006595164,0.7819034191645315,0.6913883842288232,0.8872715580260654,0,0,0,0,0,0.6594752453365988,77.29986176206069,1.1601074771393307,76.00057688055614,1.2534645203251633,0,0,0.7224127004313782,0,0.06527503480513919,0,0,0.023781024479454245,10.78715757840226,200.30720027382318,0,105.96009313027965,0.009969907220341597,2.888234622305776,0.956459844839433,0,6.819793145821716,1.7141510075198054,0,0.031085985456789138,0,0,0,0,0,0,0,0,0,0,0,0,0,0,0,0,0.015374825760946837,0,0.09457329624031743,0,0.11404984303062095,0,0,0,0,0,0,0,0,0,0,0,0,0,0,0,0,0,0,0,0,0,0.9033786872043458
42.39763399344429,8.731162397551946,0.9634866772648499,3.051903797633938,11.071636955370192,20.229596338921944,3.7035096046465514,5.305770365774595,0.12281255548758951,35.54943051168484,3.8189377178721062,0.09505182164810959,0,0.07932278612817471,1.048696237207637,51.192586828834315,221.35106819737672,34.74865903589895,37.26192676647487,27.265080398386274,3.5312112459765537,3.4840378823345906,30.18027587297078,10.348277260200437,6.395464335991711,0.819435615699768,0.37053941545417185,56.69998984110895,13.857926821038726,431.62056914559344,105.96009313027965,0,77.55164881180677,164.6497310535213,19.94984855695991,1.4969659392434547,55.312151105243736,8.459375281145535,0.8926889268653224,8.136591076806893,3.8225205934720474,0,0,0,0.06141712198438305,0,0,0,0,0,0,0.6635158692936687,0,0,0,0,1.4119885875030822,0.5473782556808342,10.038722424142687,0,9.667550462116116,0,0,0,0,0,0,0,0,0,0,0,0.06641645717498137,0.011642671181721973,0,0.7250712438770837,0,0,0.09062356758180216,0.01893131042408217,0,0,8.02073431650287
0.09857286150838264,0.00719624719273235,0,0,0.14894770494869816,0.4456397217332836,0,0.039374212590988805,0,6.076605506025421,0.057741898830713165,0,0,0,0,22.88392509151553,50.5559759117239,1.5218799679747297,0.22620297552728266,1.3177049081597734,0,0,0,0,0,0,0,0,0,0.021110135070049107,0.009969907220341597,77.55164881180677,0,60.98792656138131,0.18843491004252821,0.06758925664230062,5.522369861684871,0.036489141738515564,0,0,0,0,0,0,0,0,0,0,0,0,0,0,0,0,0,0,0.025721671024271107,0.02957890589892866,0.06221426476431501,0,0.08160561160786486,0,0,0,0,0,0,0,0,0,0,0,0.011440274720716657,0,0,0,0,0,0,0,0,0,0.03796619699474411
134.94841123152617,19.396845358359926,0.11508694047926266,0.370597308566252,73.79133672219058,141.00251850740378,2.6597806132041186,8.538705235079217,0,94.33399685481517,0.2820778306105579,0,0,0,0,111.18627341932002,95.02044882036749,12.763051397117788,9.263337251101035,4.691467846792801,0.01186584409857895,0.052864722553661155,5.35290948917908,0.08759015263010572,0,0,0.5449769810681373,10.281269412534895,0.523017995196201,11.78291633983977,2.888234622305776,164.6497310535213,60.98792656138131,0,2.263998505026076,0.5392406862445511,75.06770923319611,0.4027065014630159,0.01112712301382736,0,0.5339981966437743,0,0,0,0,0,0,0,0.11542689030698919,0,0,0,0,0,0,0,0,0,0,0,0,0,0,0,0,0,0,0,0,0,0,0,0,0,0,0,0,0,0,0,0,0,0.10912731121551747
11.276280830209556,37.060003140776075,10.848543994881206,5.619202982989994,39.44035707707027,10.143833898085484,90.39156627767638,141.94183713138216,6.949309245314325,45.09979648311808,18.146461336451896,0.4419566640603764,1.6772185008146288,1.5492793648150118,7.809752667777446,34.519814988175725,14.947204373284642,54.70086391223509,20.351589825167277,53.97733434019947,7.575748440768284,6.636974884696375,21.894692275523543,16.005645876350474,30.1495733367485,5.015578152104809,34.06097014735435,30.90866674637931,23.652247814484053,20.844081591540466,0.956459844839433,19.94984855695991,0.18843491004252821,2.263998505026076,0,340.46762934243594,45.19167567843321,38.99608320422503,26.451640231218356,219.62892119686384,115.39312753468725,0,0.2161701833020639,0.14808917324390314,0.10559846369375597,0.6540913454417295,0.4136332176935036,9.897004871949285,35.46851970395217,1.4204556098401502,0.5035501681343146,3.2478502357947066,0.06964473775650822,0.3821605510586819,0.21125272352391106,0.051520609737278185,0.03674798449036179,0.28459188510579114,9.243529600846795,0.27872723123200277,21.126141144451655,1.8218086474321837,0.8490242544916424,2.0521500736300946,1.269702862737218,0.07414138426225189,0.04721886979687686,0,0,0,0,0.015247107498061822,0.033628237518447686,0,0,45.55131751672141,1.72735728849366,2.5795871936851693,1.1919718921928413,0.18703890869766232,7.6454184419619935,2.0515602584913566,412.2555670057153
15.849953520011747,44.26528683395157,19.726981263321587,12.614577922496485,29.275031055245247,4.6973054550898015,94.5144011039286,67.29015524287732,2.855913075026718,18.43144919329725,5.458589927748342,0.1017461942521172,0.03928898897416431,0.026848121604040112,0,7.914867283931237,1.7284135312161053,6.86726317335672,0.32219288665913737,8.663383833053965,0.03282984693622739,0.023178056110549017,0.258015425511764,0.05423756479998752,1.1958228443231655,0,3.8476960397242386,5.609877987239412,0.44540563588961357,0.4553821024600237,0,1.4969659392434547,0.06758925664230062,0.5392406862445511,340.46762934243594,0,81.11023888669267,34.779906423322025,60.70264304512128,18.651590528213504,13.065271549828987,0.021254621151033416,0.27660885510062017,0.4405840539090055,2.195231043148522,0.23121937396708941,0,4.449295726044189,15.748214282550078,0.03782194802313415,0.2882024482350557,1.325507237108162,0.1288035930696461,0.048280417530259176,0.11343245853607677,0,0,0,0,0,0.2835901056928892,0,0,0,0,0,0,0,0.04195752678134383,0,0,0,0,0,0,6.683593081181619,0.9980080355055923,0.5749613104418152,0.14945916197995668,0.46484683935310583,0,0,94.37000952607623
41.10365467528103,35.337236491175354,16.790854759894184,12.060754032426994,34.14399364196493,15.82029990758324,63.787972193331264,107.97519824971404,4.409312755942677,58.13843403339116,9.862627131954202,0.8876240887762156,0.8530127165974173,0.5431134248344417,1.2987190262361654,56.57113540789834,37.86140863906972,40.87294237842512,32.01539259423643,23.25811618157745,2.2997657035983714,2.9299459213632457,22.256284466193144,10.969476745962396,9.596782763634668,0.6122807530924632,5.918880743856351,25.360118886021155,16.499571640001903,27.915643681655254,6.819793145821716,55.312151105243736,5.522369861684871,75.06770923319611,45.19167567843321,81.11023888669267,0,191.52749666810493,27.40124511460901,9.630898475458308,14.780507779170911,0,0.05327745488722089,0.15684253375889012,0.6893348769503485,0.04002187071011111,0.02447121855318448,1.6452277186383109,17.619992829559948,0.11065159900686035,1.1441891968595053,1.8999351095462345,0.07678459763436275,0.095260382644341,0,0,0.03970418211209157,0.0335087082591414,0.18359124463802617,0,8.183586543623814,0.01626264794037635,0,0,0,0,0,0,0,0,0,0,0,0,0,1.3184892377733965,0.42135531984590946,0.8314191145641545,0.0361945636949487,0.5417332646791677,0,0,44.77950210017455
2.9524076896893927,7.438506415773857,1.9255687957036862,0.07137903021545829,7.07962040728812,1.813572636390813,13.003808825102464,32.21585071215196,0.9461206122648426,33.55972102603349,3.364324629942849,0,0.02401893065500351,0,0.0662535458210754,27.510394760776677,9.146851082245073,17.31170917646736,13.029081918678912,11.069043183967926,0.11437285515853304,0,5.978348491211223,0,1.9109588317980297,0.014767415739459368,3.9762773792287556,7.859555992029389,6.621785907823416,10.41193788891352,1.7141510075198054,8.459375281145535,0.036489141738515564,0.4027065014630159,38.99608320422503,34.779906423322025,191.52749666810493,0,5.736656815253956,4.372064376076545,19.648895788423278,0,0,0,0,0,0,0.0520473935720393,5.623843549793045,0,0.22323588482661383,0.4683172585735139,0,0.01781052695998771,0,0,0.0181764871439164,0.021578244719869924,0.03251407502180772,0,3.977758515850878,0,0,0,0,0,0,0,0,0,0,0,0,0,0,2.402204570626356,0.05293715609310817,0.38408966368204533,0.06490589021764635,0.03212777906999828,0,0,150.4002299022752
6.934021443424158,1.342537235477438,5.594049193149613,10.010245748903296,0,0.015113326990480461,5.172743291667104,2.3283749137714147,0,0.015917028744426426,0,1.245814106245707,0.4015406190193178,0.1995722669852955,0.06548967029637763,0.0499194952150523,0.10267060247230657,1.0601287013709515,0.8166370894684066,1.0493357101924226,0,0,0.6436611986251821,0.18822198720247832,1.3302308473953455,0.011473086448205952,1.7692230324547291,5.074095469580968,1.3466773202198756,0.9298307720500217,0,0.8926889268653224,0,0.01112712301382736,26.451640231218356,60.70264304512128,27.40124511460901,5.736656815253956,0,4.179338073627899,6.876879295457757,0.0775050775781118,0,0.02404064870613638,1.2059283758999075,0,0,0.006611526645039496,0.15923922956537342,0,0,0,0.161385627088408,0,0,0,0,0.010164774340065191,0.06568737398901009,0.0974418328007712,0.3574424267545054,0,0,0.04384639928851609,0.020654202203511777,0.03425790861125816,0,0,0.12030151257748234,0.10700430590972525,0.05784417516371106,0,0.09993570699679624,0,0,1.3805287700996973,0.5665439168292564,2.370450807990423,0.019916743718681188,0.9789609613370506,0.12588377863084763,0.03476362092275788,4.32994579243748
1.9779314487579367,2.7870025996338237,0.40582568532083324,0.3528314037074644,0.5167117410502577,0,4.63848852617036,5.156816688803576,0,0,0,0.38369227966470515,1.1306633985145165,1.8469551531357278,14.575827647365635,0,0.9405091871712762,12.745562638714981,8.789104418747458,34.74504341290192,7.108353571180691,6.5812794349283745,8.434704723264996,25.67603223125425,66.46109747828982,45.67767711516353,110.87694730769155,20.11268257523136,24.465843390150358,14.208072487989702,0.031085985456789138,8.136591076806893,0,0,219.62892119686384,18.651590528213504,9.630898475458308,4.372064376076545,4.179338073627899,0,151.2212602214816,0,0,0.006243001546098086,0,0,0,0,0,0,0,0.012627778182387231,0,0,0,0.02583193045199417,0,0,2.5172355373352064,0,11.20133096613281,1.2055786873077186,1.590502673509351,0.6915012659544841,2.3576096225243384,0.15982959742072253,0.06500964302794837,0,0,0.03965950239841519,0,0,0,0,0,8.0367537645951,0,0,0,0.08821873745540762,6.994027103797004,0,17.09629472877566
2.6093128518209503,0.5892410312342022,0.13265208869287348,1.070821979394602,0.07535182024656085,0,1.6116489114337884,0.8699224700195274,0,0,0,0.4012784497890113,0,0,0.10747214725022262,0,0.18833619739584645,4.586506232932868,3.1192508891989124,4.101358818725377,0.05241571889212574,0.21727995101941694,5.478772341769004,1.4649286655830538,15.988375072319144,2.873455953759647,83.30693261796529,45.43046506097571,5.857641314651803,2.7570670338813335,0,3.8225205934720474,0,0.5339981966437743,115.39312753468725,13.065271549828987,14.780507779170911,19.648895788423278,6.876879295457757,151.2212602214816,0,0,0,0,0,0,0,0,0,0,0,0,0,0,0,0,0,0,0,0,0.8529999132284272,0,0,0,0,0,0,0,0,0,0,0,0,0,0,1.5910671976869308,0,0,0,0.02151549970860986,0,0,26.1904074457182
0.16704429141003505,0.17294465574187776,0.5668943055678324,7.562234013618089,0.03472832447681762,0,0.4090862227606761,1.9545204836385588,0,0,0,0.6229902236325385,0,0,0,0,0,0,0,0,0,0,0,0,0,0,0,0.1723024429432218,0,0,0,0,0,0,0,0.021254621151033416,0,0,0.0775050775781118,0,0,0,142.83072124498972,6.410078720979739,90.0991507150697,50.21393969453979,11.907087849052681,47.83227928171944,5.297138129046966,0,0.4111045526688939,0,1.4397165864373989,0.20434661983079103,0.028080564710856765,0,0.18067012329673246,0.3931302308886566,0.7020574981114278,0.7853088954536586,0.13275154105908546,0,0.18555180618880615,7.949396068686248,3.111305424240387,0.8294387883609713,0,2.851135642226555,21.58595132549007,3.2106116575475787,7.124230988993214,0.09272378487208324,39.402226156614184,0.010783413240622312,133.96341506023296,22.267649486827064,22.910614164447495,38.03376667465577,4.629647741228903,9.113124182600286,0.5047412477529082,1.3684781179251837,5.370783398755112
0.0228930196901401,0.433371320808481,0.5783697013932156,0.5320280310816442,0.060596283862073816,0,2.844153753421323,4.233937283850845,0,0,0,0,0,0,0,0,0,0,0,0,0,0,0,0,0,0,0,0,0,0,0,0,0,0,0.2161701833020639,0.27660885510062017,0.05327745488722089,0,0,0,0,142.83072124498972,0,0.3263623956882535,0,80.52092404084127,7.878318604073066,45.207528931579375,3.9238856233950634,0.04066856673742136,0.4929664436847035,0,0,0,0,0,0.10746100372722919,0.4194128007959654,0.32009700392376816,0.2471226778026865,0.1302778557035583,0,0.011873915376538561,3.091397426185725,0.6026596567821841,0.09496621092196812,0,0,0.41306743669388585,0.9815059764698478,3.4463797407964933,0.2834497449223026,9.59908717259306,0,13.535930157119264,31.177768376260836,30.666864056626746,22.15708328370788,5.899506728138996,0.4167860164940864,2.282622723372127,0.08811357514966729,7.0850568828108385
