0.,20.177304964539008,2.3238770685579198,0.016548463356973995,2.347517730496454,2.1749408983451537,5.8132387706855795,0.20567375886524822,3.879432624113475,19.08274231678487,1.7234042553191489,0.16784869976359337,0.009456264775413711,0.009456264775413711,0.21040189125295508,0.004728132387706856,0.016548463356973995,0.002364066193853428,0.016548463356973995,3.5059101654846336,0.2576832151300236,0.14657210401891252,0.08274231678486997,0.,0.0070921985815602835,0.009456264775413711,0.009456264775413711,0.0591016548463357,0.002364066193853428,0.,0.002364066193853428,0.,0.,0.002364066193853428,0.0070921985815602835,0.,0.,0.,0.,0.,0.,0.,0.,0.,0.,0.,0.,0.,0.,0.002364066193853428,0.,0.,0.,0.,0.,0.08274231678486997,2.08274231678487,0.014184397163120567,3.713947990543735,27.36406619385343,0.12056737588652482,1.5626477541371158,0.014184397163120567,0.09692671394799054,0.,0.,0.,0.,0.,0.,0.,0.,0.002364066193853428,0.,0.002364066193853428,0.,0.,0.,0.,0.,0.,0.,0.,0.,0.0070921985815602835,0.,0.,0.,0.,0.,0.,0.,0.,0.,0.,0.,0.,0.,0.,0.,0.,0.,0.,0.,0.,0.,0.,0.,0.,0.,0.,0.,0.,0.,0.,0.,0.,0.,0.,0.,0.,0.,0.10401891252955082,0.,0.002364066193853428,0.004728132387706856,0.,0.,0.
20.177304964539008,0.,3.226950354609929,0.30969267139479906,8.872340425531915,5.713947990543735,29.75177304964539,2.3026004728132388,9.42789598108747,23.78723404255319,7.231678486997636,1.9716312056737588,0.27423167848699764,0.425531914893617,3.6382978723404253,0.08274231678486997,0.3900709219858156,0.30969267139479906,0.3664302600472813,1.612293144208038,0.15602836879432624,0.23877068557919623,0.030732860520094562,0.002364066193853428,0.11347517730496454,0.22458628841607564,0.10638297872340426,0.7044917257683215,0.10874704491725769,0.07565011820330969,0.04728132387706856,0.002364066193853428,0.002364066193853428,0.0851063829787234,0.09929078014184398,0.,0.,0.,0.,0.,0.,0.016548463356973995,0.,0.,0.,0.,0.,0.,0.0070921985815602835,0.,0.,0.,0.,0.,0.,0.13002364066193853,3.5437352245862885,0.04491725768321513,13.522458628841608,58.66903073286052,0.18912529550827423,2.8321513002364065,0.01182033096926714,0.02127659574468085,0.,0.,0.,0.,0.,0.,0.,0.,0.,0.,0.,0.,0.,0.,0.,0.,0.,0.,0.,0.,0.002364066193853428,0.,0.,0.,0.,0.,0.,0.,0.,0.,0.,0.,0.,0.,0.,0.,0.,0.,0.,0.,0.,0.,0.,0.,0.,0.,0.,0.,0.,0.,0.,0.,0.,0.,0.,0.,0.,0.,0.002364066193853428,0.,0.,0.,0.,0.,0.
2.3238770685579198,3.226950354609929,0.,0.,0.08037825059101655,0.0070921985815602835,7.879432624113475,0.9101654846335697,2.0354609929078014,7.061465721040189,0.04964539007092199,0.07801418439716312,0.009456264775413711,0.05673758865248227,0.7375886524822695,0.03546099290780142,0.08037825059101655,0.02127659574468085,0.07565011820330969,0.028368794326241134,0.014184397163120567,0.004728132387706856,0.,0.002364066193853428,0.009456264775413711,0.03546099290780142,0.02127659574468085,0.07565011820330969,0.01182033096926714,0.0070921985815602835,0.014184397163120567,0.,0.,0.028368794326241134,0.02364066193853428,0.,0.,0.,0.,0.,0.,0.018912529550827423,0.,0.,0.,0.,0.,0.,0.,0.,0.,0.,0.,0.,0.,0.018912529550827423,0.2624113475177305,0.002364066193853428,0.030732860520094562,0.4397163120567376,0.004728132387706856,0.002364066193853428,0.009456264775413711,0.,0.,0.,0.,0.,0.,0.,0.,0.,0.,0.,0.,0.,0.,0.,0.,0.,0.,0.,0.,0.,0.,0.,0.,0.,0.,0.,0.,0.,0.,0.,0.,0.,0.,0.,0.,0.,0.,0.,0.,0.,0.,0.,0.,0.,0.,0.,0.,0.,0.,0.,0.,0.,0.,0.,0.,0.,0.,0.,0.,0.,0.,0.,0.,0.,0.
0.016548463356973995,0.30969267139479906,0.,0.,0.6832151300236406,0.14893617021276595,0.03309692671394799,0.01182033096926714,0.0425531914893617,0.15130023640661938,0.20803782505910165,0.030732860520094562,0.,0.,0.002364066193853428,0.,0.,0.0070921985815602835,0.,0.01182033096926714,0.,0.,0.,0.,0.,0.,0.,0.,0.,0.,0.,0.,0.,0.,0.,0.,0.,0.,0.,0.,0.,0.,0.,0.,0.,0.,0.,0.,0.,0.,0.,0.,0.,0.,0.,0.,0.,0.,0.054373522458628844,0.14893617021276595,0.,0.0070921985815602835,0.,0.,0.,0.,0.,0.,0.,0.,0.,0.,0.,0.,0.,0.,0.,0.,0.,0.,0.,0.,0.,0.,0.,0.,0.,0.,0.,0.,0.,0.,0.,0.,0.,0.,0.,0.,0.,0.,0.,0.,0.,0.,0.,0.,0.,0.,0.,0.,0.,0.,0.,0.,0.,0.,0.,0.,0.,0.,0.,0.,0.,0.,0.,0.,0.,0.,0.
2.347517730496454,8.872340425531915,0.08037825059101655,0.6832151300236406,0.,1.3687943262411348,2.491725768321513,0.14657210401891252,1.4799054373522458,19.810874704491727,4.780141843971631,1.1063829787234043,0.28841607565011823,0.14184397163120568,0.34988179669030733,0.004728132387706856,0.014184397163120567,0.07565011820330969,0.11347517730496454,0.5508274231678487,0.2033096926713948,0.2624113475177305,0.04491725768321513,0.,0.009456264775413711,0.004728132387706856,0.004728132387706856,0.054373522458628844,0.004728132387706856,0.,0.002364066193853428,0.,0.,0.01182033096926714,0.018912529550827423,0.,0.,0.,0.,0.,0.,0.,0.,0.,0.,0.,0.,0.,0.002364066193853428,0.,0.,0.002364066193853428,0.,0.,0.,0.004728132387706856,0.28368794326241137,0.02127659574468085,5.111111111111111,14.19385342789598,0.04964539007092199,0.3333333333333333,0.018912529550827423,0.,0.,0.,0.,0.,0.,0.,0.,0.,0.,0.,0.,0.,0.,0.,0.,0.,0.,0.,0.,0.,0.,0.,0.,0.002364066193853428,0.,0.,0.,0.,0.,0.,0.,0.,0.,0.,0.,0.,0.,0.,0.,0.,0.,0.,0.,0.,0.,0.,0.,0.,0.,0.,0.,0.,0.,0.,0.,0.,0.,0.002364066193853428,0.0070921985815602835,0.,0.,0.,0.,0.,0.
2.1749408983451537,5.713947990543735,0.0070921985815602835,0.14893617021276595,1.3687943262411348,0.,0.425531914893617,0.028368794326241134,0.11347517730496454,2.862884160756501,0.2695035460992908,0.06855791962174941,0.04964539007092199,0.004728132387706856,0.018912529550827423,0.004728132387706856,0.,0.,0.,1.3617021276595744,0.43498817966903075,0.44208037825059104,0.1773049645390071,0.,0.,0.,0.,0.,0.,0.0070921985815602835,0.,0.,0.,0.02127659574468085,0.026004728132387706,0.,0.,0.,0.,0.,0.,0.,0.,0.,0.,0.,0.,0.,0.,0.,0.,0.,0.,0.,0.,0.,0.09929078014184398,0.004728132387706856,8.964539007092199,10.397163120567376,0.009456264775413711,1.8321513002364067,0.06382978723404255,0.,0.,0.,0.,0.,0.,0.,0.,0.,0.,0.,0.,0.,0.,0.,0.,0.,0.,0.,0.,0.,0.009456264775413711,0.,0.,0.,0.,0.,0.,0.,0.,0.,0.,0.,0.,0.,0.,0.,0.,0.,0.,0.,0.,0.,0.,0.,0.,0.,0.,0.,0.,0.,0.,0.,0.,0.,0.,0.,0.,0.,0.01182033096926714,0.,0.,0.0070921985815602835,0.,0.,0.014184397163120567
5.8132387706855795,29.75177304964539,7.879432624113475,0.03309692671394799,2.491725768321513,0.425531914893617,0.,15.64066193853428,22.624113475177303,57.2789598108747,7.3120567375886525,2.5886524822695036,0.07092198581560284,0.0851063829787234,1.9125295508274232,0.7021276595744681,0.541371158392435,0.11583924349881797,0.037825059101654845,6.886524822695035,2.061465721040189,0.06855791962174941,0.028368794326241134,0.061465721040189124,0.16784869976359337,0.6997635933806147,0.491725768321513,0.3829787234042553,0.1182033096926714,0.054373522458628844,0.1867612293144208,0.04964539007092199,0.03546099290780142,0.1773049645390071,0.07565011820330969,0.,0.014184397163120567,0.028368794326241134,0.,0.,0.,0.28841607565011823,0.004728132387706856,0.004728132387706856,0.004728132387706856,0.,0.,0.,0.,0.,0.,0.,0.,0.,0.,0.34988179669030733,1.4988179669030732,0.01182033096926714,3.0141843971631204,5.444444444444445,0.07328605200945626,0.14893617021276595,0.07801418439716312,0.,0.,0.,0.,0.,0.,0.004728132387706856,0.004728132387706856,0.004728132387706856,0.002364066193853428,0.,0.,0.,0.,0.,0.,0.,0.,0.,0.,0.,0.009456264775413711,0.002364066193853428,0.,0.,0.,0.,0.,0.,0.,0.,0.,0.,0.,0.,0.,0.,0.,0.,0.,0.,0.,0.,0.,0.,0.,0.,0.,0.,0.,0.,0.,0.,0.,0.,0.,0.,0.004728132387706856,0.,0.09456264775413711,0.002364066193853428,0.,0.,0.,0.,0.
0.20567375886524822,2.3026004728132388,0.9101654846335697,0.01182033096926714,0.14657210401891252,0.028368794326241134,15.64066193853428,0.,23.6193853427896,6.33096926713948,3.4468085106382977,13.602836879432624,1.4515366430260048,2.314420803782506,8.371158392434989,5.9810874704491725,4.366430260047282,0.41843971631205673,0.24113475177304963,1.6004728132387707,6.91725768321513,0.31678486997635935,0.15602836879432624,1.0472813238770686,1.5059101654846336,3.1394799054373523,3.160756501182033,1.3215130023640662,0.23404255319148937,0.43498817966903075,1.3144208037825058,0.19621749408983452,0.29550827423167847,0.8936170212765957,0.2978723404255319,0.,0.030732860520094562,0.02127659574468085,0.04491725768321513,0.037825059101654845,0.,0.7825059101654847,0.05673758865248227,0.054373522458628844,0.02127659574468085,0.,0.,0.,0.01182033096926714,0.,0.,0.05673758865248227,0.002364066193853428,0.,0.0070921985815602835,5.548463356973995,5.035460992907802,0.3073286052009456,13.721040189125295,32.089834515366434,3.6713947990543736,0.03309692671394799,0.7848699763593381,0.07801418439716312,0.,0.,0.,0.,0.,0.,0.,0.002364066193853428,0.,0.,0.,0.,0.,0.,0.004728132387706856,0.,0.,0.,0.,0.,0.,0.014184397163120567,0.,0.,0.,0.,0.,0.,0.,0.,0.,0.,0.,0.,0.,0.,0.,0.,0.,0.,0.,0.,0.,0.,0.,0.,0.,0.,0.,0.,0.,0.,0.,0.,0.,0.,0.,0.0070921985815602835,0.0851063829787234,0.,0.,0.,0.,0.,0.
3.879432624113475,9.42789598108747,2.0354609929078014,0.0425531914893617,1.4799054373522458,0.11347517730496454,22.624113475177303,23.6193853427896,0.,62.9290780141844,25.06855791962175,28.609929078014183,2.4397163120567376,2.780141843971631,37.88416075650118,0.6879432624113475,2.,2.404255319148936,2.2836879432624113,7.295508274231678,10.49645390070922,0.8463356973995272,0.04018912529550828,0.08274231678486997,0.7706855791962175,1.1631205673758864,0.48226950354609927,3.2387706855791962,0.6879432624113475,0.6524822695035462,0.4491725768321513,0.15839243498817968,0.0851063829787234,1.392434988179669,0.5390070921985816,0.004728132387706856,0.0425531914893617,0.0425531914893617,0.009456264775413711,0.,0.004728132387706856,0.13947990543735225,0.,0.,0.004728132387706856,0.,0.,0.002364066193853428,0.,0.,0.,0.002364066193853428,0.,0.,0.002364066193853428,2.260047281323877,9.82033096926714,0.0425531914893617,21.17966903073286,41.565011820330966,0.5011820330969267,0.054373522458628844,0.05200945626477541,0.004728132387706856,0.,0.,0.,0.,0.,0.,0.002364066193853428,0.002364066193853428,0.,0.,0.,0.,0.,0.,0.01182033096926714,0.,0.,0.,0.,0.,0.014184397163120567,0.03546099290780142,0.,0.,0.,0.,0.,0.,0.,0.,0.,0.,0.,0.,0.002364066193853428,0.,0.,0.,0.,0.,0.,0.,0.,0.,0.,0.,0.,0.,0.,0.,0.,0.,0.,0.,0.,0.,0.,0.,0.13002364066193853,0.,0.,0.004728132387706856,0.002364066193853428,0.,0.
19.08274231678487,23.78723404255319,7.061465721040189,0.15130023640661938,19.810874704491727,2.862884160756501,57.2789598108747,6.33096926713948,62.9290780141844,0.,36.77777777777778,13.692671394799055,1.5555555555555556,1.9078014184397163,11.25531914893617,0.10874704491725769,0.4728132387706856,1.4326241134751774,1.9479905437352245,6.659574468085107,0.5508274231678487,0.6761229314420804,0.03309692671394799,0.002364066193853428,0.2364066193853428,0.3333333333333333,0.16312056737588654,1.58628841607565,0.4302600472813239,0.19148936170212766,0.09219858156028368,0.,0.,0.5721040189125296,0.3735224586288416,0.,0.0070921985815602835,0.,0.,0.,0.,0.04018912529550828,0.,0.,0.,0.,0.,0.,0.016548463356973995,0.,0.,0.,0.,0.,0.,0.1867612293144208,4.108747044917258,0.08747044917257683,13.815602836879433,61.13002364066194,0.24113475177304963,0.3829787234042553,0.018912529550827423,0.,0.,0.,0.,0.,0.,0.,0.,0.,0.,0.,0.,0.,0.,0.,0.,0.,0.,0.,0.,0.,0.004728132387706856,0.004728132387706856,0.,0.,0.,0.,0.,0.,0.,0.,0.,0.,0.,0.,0.,0.,0.,0.,0.,0.,0.,0.,0.,0.,0.,0.,0.,0.,0.,0.,0.,0.,0.,0.,0.,0.,0.,0.004728132387706856,0.06855791962174941,0.,0.,0.,0.,0.,0.
1.7234042553191489,7.231678486997636,0.04964539007092199,0.20803782505910165,4.780141843971631,0.2695035460992908,7.3120567375886525,3.4468085106382977,25.06855791962175,36.77777777777778,0.,68.52009456264776,11.56501182033097,5.855791962174941,4.401891252955083,0.02127659574468085,0.04964539007092199,1.243498817966903,4.120567375886525,3.442080378250591,1.3806146572104019,2.678486997635934,0.15130023640661938,0.,0.2647754137115839,0.05200945626477541,0.02364066193853428,0.8936170212765957,0.3829787234042553,0.2364066193853428,0.02127659574468085,0.009456264775413711,0.,0.3546099290780142,0.4326241134751773,0.,0.,0.,0.,0.,0.,0.004728132387706856,0.,0.,0.,0.,0.,0.,0.002364066193853428,0.,0.,0.,0.,0.,0.,0.13238770685579196,1.3900709219858156,0.030732860520094562,7.307328605200945,12.491725768321514,0.16784869976359337,0.04728132387706856,0.02364066193853428,0.,0.,0.,0.,0.,0.,0.,0.,0.,0.,0.,0.,0.,0.,0.,0.,0.,0.,0.,0.,0.,0.004728132387706856,0.,0.,0.,0.,0.,0.,0.,0.,0.,0.,0.,0.,0.,0.,0.,0.,0.,0.,0.,0.,0.,0.,0.,0.,0.,0.,0.,0.,0.,0.,0.,0.,0.,0.,0.,0.,0.,0.016548463356973995,0.,0.,0.,0.,0.,0.
0.16784869976359337,1.9716312056737588,0.07801418439716312,0.030732860520094562,1.1063829787234043,0.06855791962174941,2.5886524822695036,13.602836879432624,28.609929078014183,13.692671394799055,68.52009456264776,0.,35.290780141843975,11.933806146572104,22.26950354609929,0.21749408983451538,0.48699763593380613,2.6217494089834514,9.231678486997636,2.397163120567376,9.479905437352246,3.224586288416076,0.13238770685579196,0.009456264775413711,0.7825059101654847,0.2458628841607565,0.06382978723404255,2.1678486997635935,1.1134751773049645,0.36879432624113473,0.05673758865248227,0.0070921985815602835,0.0070921985815602835,0.5815602836879432,0.6524822695035462,0.,0.,0.,0.,0.,0.,0.002364066193853428,0.,0.,0.,0.,0.,0.,0.,0.,0.,0.002364066193853428,0.,0.,0.,0.42080378250591016,2.264775413711584,0.0425531914893617,14.8628841607565,9.709219858156029,0.24822695035460993,0.004728132387706856,0.0070921985815602835,0.002364066193853428,0.,0.,0.,0.,0.,0.,0.,0.,0.,0.,0.,0.,0.,0.,0.,0.,0.,0.,0.,0.,0.002364066193853428,0.004728132387706856,0.,0.002364066193853428,0.,0.,0.,0.,0.,0.,0.,0.,0.,0.,0.,0.,0.,0.,0.,0.,0.,0.,0.,0.,0.,0.,0.,0.,0.,0.,0.,0.,0.,0.,0.,0.,0.002364066193853428,0.,0.0070921985815602835,0.,0.,0.,0.,0.,0.
0.009456264775413711,0.27423167848699764,0.009456264775413711,0.,0.28841607565011823,0.04964539007092199,0.07092198581560284,1.4515366430260048,2.4397163120567376,1.5555555555555556,11.56501182033097,35.290780141843975,0.,62.07328605200946,16.48463356973995,0.8817966903073287,3.867612293144208,9.05437352245863,20.70921985815603,1.0212765957446808,2.83451536643026,9.295508274231679,0.2978723404255319,0.24822695035460993,1.0685579196217494,0.02127659574468085,0.05200945626477541,1.4160756501182032,0.7446808510638298,0.17257683215130024,0.04728132387706856,0.,0.,0.46808510638297873,0.7328605200945626,0.,0.,0.,0.,0.,0.,0.,0.,0.,0.,0.,0.,0.,0.,0.,0.,0.,0.,0.,0.,0.45390070921985815,0.06382978723404255,0.1536643026004728,4.163120567375887,4.673758865248227,0.4799054373522459,0.02127659574468085,0.06382978723404255,0.002364066193853428,0.,0.,0.,0.,0.,0.,0.,0.,0.,0.,0.,0.,0.,0.,0.,0.,0.,0.,0.,0.,0.,0.,0.,0.,0.,0.,0.,0.,0.,0.,0.,0.,0.,0.,0.,0.,0.,0.,0.,0.,0.,0.,0.,0.,0.,0.,0.,0.,0.,0.,0.,0.,0.,0.,0.,0.,0.,0.,0.,0.,0.,0.,0.,0.,0.
0.009456264775413711,0.425531914893617,0.05673758865248227,0.,0.14184397163120568,0.004728132387706856,0.0851063829787234,2.314420803782506,2.780141843971631,1.9078014184397163,5.855791962174941,11.933806146572104,62.07328605200946,0.,38.023640661938536,3.955082742316785,24.782505910165483,19.375886524822697,33.22222222222222,0.34278959810874704,2.3498817966903074,5.997635933806147,0.016548463356973995,1.8652482269503545,4.57919621749409,0.14420803782505912,0.6146572104018913,5.990543735224587,2.699763593380615,0.5721040189125296,0.03309692671394799,0.01182033096926714,0.,0.5460992907801419,1.6052009456264775,0.,0.,0.,0.,0.,0.,0.,0.,0.,0.,0.,0.,0.,0.,0.,0.,0.,0.,0.,0.,1.0425531914893618,0.1607565011820331,0.2978723404255319,7.950354609929078,9.66193853427896,1.4397163120567376,0.004728132387706856,0.06619385342789598,0.0070921985815602835,0.,0.,0.,0.,0.,0.,0.,0.,0.,0.,0.,0.,0.,0.,0.,0.,0.,0.,0.,0.,0.,0.,0.,0.,0.,0.,0.,0.,0.,0.,0.,0.,0.,0.,0.,0.,0.,0.,0.,0.,0.,0.,0.,0.,0.,0.,0.,0.,0.,0.,0.,0.,0.,0.,0.,0.,0.,0.002364066193853428,0.002364066193853428,0.,0.,0.,0.,0.,0.
0.21040189125295508,3.6382978723404253,0.7375886524822695,0.002364066193853428,0.34988179669030733,0.018912529550827423,1.9125295508274232,8.371158392434989,37.88416075650118,11.25531914893617,4.401891252955083,22.26950354609929,16.48463356973995,38.023640661938536,0.,8.408983451536644,45.212765957446805,16.27659574468085,6.475177304964539,0.8156028368794326,9.430260047281324,5.6052009456264775,0.08037825059101655,2.0851063829787235,5.843971631205674,7.375886524822695,0.933806146572104,14.14420803782506,2.730496453900709,2.723404255319149,1.8699763593380614,0.3333333333333333,0.624113475177305,4.243498817966903,1.5011820330969268,0.009456264775413711,0.03309692671394799,0.08274231678486997,0.09692671394799054,0.04018912529550828,0.,0.37115839243498816,0.07092198581560284,0.004728132387706856,0.002364066193853428,0.,0.,0.,0.002364066193853428,0.,0.,0.0070921985815602835,0.0070921985815602835,0.,0.002364066193853428,20.04255319148936,3.120567375886525,1.0756501182033098,33.952718676122934,75.60756501182033,5.806146572104019,0.,0.46335697399527187,0.13947990543735225,0.,0.,0.,0.,0.,0.,0.,0.,0.,0.,0.,0.,0.,0.,0.002364066193853428,0.,0.,0.,0.,0.,0.,0.03309692671394799,0.004728132387706856,0.,0.,0.,0.,0.,0.,0.,0.,0.,0.,0.,0.,0.,0.,0.,0.,0.,0.,0.,0.,0.,0.,0.,0.,0.,0.,0.,0.,0.,0.,0.,0.,0.,0.,0.,0.04018912529550828,0.,0.,0.,0.,0.,0.
0.004728132387706856,0.08274231678486997,0.03546099290780142,0.,0.004728132387706856,0.004728132387706856,0.7021276595744681,5.9810874704491725,0.6879432624113475,0.10874704491725769,0.02127659574468085,0.21749408983451538,0.8817966903073287,3.955082742316785,8.408983451536644,0.,25.28841607565012,2.810874704491726,0.14420803782505912,0.014184397163120567,0.41134751773049644,1.,0.14420803782505912,16.3806146572104,4.085106382978723,8.340425531914894,9.070921985815604,1.702127659574468,0.3262411347517731,1.127659574468085,3.023640661938534,0.491725768321513,0.607565011820331,2.1702127659574466,0.24822695035460993,0.009456264775413711,0.12293144208037825,0.04964539007092199,0.1867612293144208,0.06855791962174941,0.018912529550827423,1.3569739952718676,0.18203309692671396,0.10401891252955082,0.0425531914893617,0.,0.,0.,0.02364066193853428,0.004728132387706856,0.,0.07565011820330969,0.03546099290780142,0.002364066193853428,0.018912529550827423,5.356973995271868,0.29550827423167847,0.6501182033096927,3.451536643026005,16.15839243498818,3.1843971631205674,0.,1.297872340425532,0.09929078014184398,0.,0.,0.,0.,0.,0.,0.,0.,0.,0.,0.,0.,0.,0.,0.,0.,0.,0.,0.,0.,0.,0.002364066193853428,0.002364066193853428,0.002364066193853428,0.,0.,0.,0.,0.,0.,0.,0.,0.,0.,0.,0.,0.,0.,0.,0.,0.,0.,0.,0.,0.,0.,0.,0.,0.,0.,0.,0.,0.,0.,0.,0.,0.,0.,0.,0.,0.,0.,0.,0.,0.
0.016548463356973995,0.3900709219858156,0.08037825059101655,0.,0.014184397163120567,0.,0.541371158392435,4.366430260047282,2.,0.4728132387706856,0.04964539007092199,0.48699763593380613,3.867612293144208,24.782505910165483,45.212765957446805,25.28841607565012,0.,73.73522458628841,1.9527186761229314,0.018912529550827423,0.475177304964539,9.035460992907801,0.05673758865248227,12.35224586288416,4.281323877068558,3.106382978723404,3.74468085106383,3.41371158392435,0.723404255319149,0.9527186761229315,0.7257683215130024,0.1536643026004728,0.23167848699763594,1.392434988179669,0.28132387706855794,0.018912529550827423,0.018912529550827423,0.09692671394799054,0.06855791962174941,0.01182033096926714,0.,0.2458628841607565,0.037825059101654845,0.014184397163120567,0.002364066193853428,0.,0.,0.,0.002364066193853428,0.,0.,0.030732860520094562,0.009456264775413711,0.,0.014184397163120567,23.21985815602837,0.5035460992907801,5.047281323877068,14.851063829787234,81.11820330969267,11.664302600472814,0.002364066193853428,1.0969267139479906,0.13947990543735225,0.002364066193853428,0.,0.,0.,0.,0.,0.,0.,0.,0.,0.,0.,0.,0.,0.002364066193853428,0.,0.,0.,0.,0.,0.,0.002364066193853428,0.002364066193853428,0.,0.,0.,0.,0.,0.,0.,0.,0.,0.,0.,0.,0.,0.,0.,0.,0.,0.,0.,0.,0.,0.,0.,0.,0.,0.,0.,0.,0.,0.,0.,0.,0.,0.,0.002364066193853428,0.01182033096926714,0.002364066193853428,0.,0.,0.,0.,0.
0.002364066193853428,0.30969267139479906,0.02127659574468085,0.0070921985815602835,0.07565011820330969,0.,0.11583924349881797,0.41843971631205673,2.404255319148936,1.4326241134751774,1.243498817966903,2.6217494089834514,9.05437352245863,19.375886524822697,16.27659574468085,2.810874704491726,73.73522458628841,0.,78.89125295508275,0.20567375886524822,0.21749408983451538,10.122931442080379,0.2198581560283688,7.829787234042553,30.62647754137116,11.023640661938535,49.139479905437355,26.,10.397163120567376,3.2742316784869976,0.607565011820331,0.04018912529550828,0.01182033096926714,3.75177304964539,4.501182033096927,0.018912529550827423,0.004728132387706856,0.,0.002364066193853428,0.,0.,0.01182033096926714,0.,0.004728132387706856,0.002364066193853428,0.,0.,0.,0.,0.,0.,0.03309692671394799,0.06382978723404255,0.002364066193853428,0.02364066193853428,15.609929078014185,0.27423167848699764,22.591016548463358,19.00709219858156,131.21040189125296,23.88179669030733,0.,2.1725768321513,0.1182033096926714,0.,0.,0.,0.,0.,0.,0.,0.,0.,0.,0.,0.,0.,0.,0.,0.,0.,0.,0.,0.014184397163120567,0.,0.,0.002364066193853428,0.0070921985815602835,0.,0.,0.,0.,0.,0.,0.,0.,0.,0.,0.,0.,0.,0.,0.,0.,0.,0.,0.,0.,0.,0.,0.,0.,0.,0.,0.,0.,0.,0.,0.,0.,0.,0.01182033096926714,0.0070921985815602835,0.,0.,0.,0.,0.,0.002364066193853428
0.016548463356973995,0.3664302600472813,0.07565011820330969,0.,0.11347517730496454,0.,0.037825059101654845,0.24113475177304963,2.2836879432624113,1.9479905437352245,4.120567375886525,9.231678486997636,20.70921985815603,33.22222222222222,6.475177304964539,0.14420803782505912,1.9527186761229314,78.89125295508275,0.,0.3900709219858156,0.5484633569739953,0.8108747044917257,0.1347517730496454,0.2033096926713948,16.34988179669031,2.15839243498818,6.508274231678487,18.44208037825059,6.113475177304965,0.9929078014184397,0.5555555555555556,0.037825059101654845,0.0070921985815602835,1.115839243498818,3.647754137115839,0.002364066193853428,0.,0.,0.,0.,0.,0.002364066193853428,0.,0.,0.,0.,0.,0.,0.,0.,0.,0.04491725768321513,0.030732860520094562,0.,0.0070921985815602835,0.8794326241134752,0.0425531914893617,1.1205673758865249,1.0520094562647755,4.515366430260047,0.9054373522458629,0.,0.1702127659574468,0.,0.,0.,0.,0.,0.,0.,0.,0.,0.,0.,0.,0.,0.,0.,0.,0.002364066193853428,0.002364066193853428,0.,0.,0.002364066193853428,0.,0.,0.,0.,0.,0.,0.,0.,0.,0.,0.,0.,0.,0.,0.002364066193853428,0.,0.,0.,0.,0.,0.,0.,0.,0.,0.,0.,0.,0.,0.,0.,0.,0.,0.,0.,0.,0.,0.,0.002364066193853428,0.,0.,0.,0.,0.,0.,0.
3.5059101654846336,1.612293144208038,0.028368794326241134,0.01182033096926714,0.5508274231678487,1.3617021276595744,6.886524822695035,1.6004728132387707,7.295508274231678,6.659574468085107,3.442080378250591,2.397163120567376,1.0212765957446808,0.34278959810874704,0.8156028368794326,0.014184397163120567,0.018912529550827423,0.20567375886524822,0.3900709219858156,0.,5.557919621749409,4.260047281323877,1.8132387706855793,0.,0.07565011820330969,0.,0.009456264775413711,0.16784869976359337,0.04728132387706856,0.06619385342789598,0.002364066193853428,0.,0.,0.36879432624113473,0.2033096926713948,0.,0.,0.,0.,0.,0.,0.,0.,0.,0.,0.,0.,0.,0.,0.,0.,0.002364066193853428,0.,0.,0.,0.05200945626477541,1.2269503546099292,0.17494089834515367,41.56973995271868,30.962174940898347,0.3191489361702128,3.7943262411347516,0.5390070921985816,0.,0.016548463356973995,0.,0.,0.,0.0070921985815602835,0.004728132387706856,0.,0.009456264775413711,0.026004728132387706,0.0070921985815602835,0.002364066193853428,0.009456264775413711,0.002364066193853428,0.,0.,0.,0.002364066193853428,0.,0.,0.,0.12056737588652482,0.3333333333333333,0.14893617021276595,0.004728132387706856,0.,0.,0.,0.,0.,0.,0.,0.,0.,0.,0.002364066193853428,0.,0.,0.,0.,0.,0.,0.,0.,0.,0.,0.,0.,0.,0.,0.,0.,0.,0.,0.,0.,0.,0.04018912529550828,0.014184397163120567,3.2907801418439715,0.11347517730496454,0.004728132387706856,0.18203309692671396,0.,0.,0.
0.2576832151300236,0.15602836879432624,0.014184397163120567,0.,0.2033096926713948,0.43498817966903075,2.061465721040189,6.91725768321513,10.49645390070922,0.5508274231678487,1.3806146572104019,9.479905437352246,2.83451536643026,2.3498817966903074,9.430260047281324,0.41134751773049644,0.475177304964539,0.21749408983451538,0.5484633569739953,5.557919621749409,0.,20.25531914893617,6.569739952718676,0.002364066193853428,0.07328605200945626,0.028368794326241134,0.03546099290780142,0.20094562647754138,0.09692671394799054,0.06855791962174941,0.028368794326241134,0.028368794326241134,0.014184397163120567,1.1513002364066194,1.0898345153664302,0.,0.002364066193853428,0.,0.,0.,0.,0.0425531914893617,0.,0.,0.054373522458628844,0.,0.,0.,0.,0.,0.,0.,0.,0.,0.,0.22458628841607564,1.2765957446808511,0.29550827423167847,42.846335697399525,8.042553191489361,0.18912529550827423,0.8817966903073287,0.9290780141843972,0.,0.,0.,0.,0.,0.002364066193853428,0.01182033096926714,0.026004728132387706,0.02364066193853428,0.009456264775413711,0.,0.002364066193853428,0.016548463356973995,0.009456264775413711,0.,0.02364066193853428,0.,0.,0.,0.,0.,0.2624113475177305,0.12056737588652482,0.07092198581560284,0.01182033096926714,0.,0.,0.,0.,0.,0.,0.,0.,0.,0.,0.,0.,0.,0.,0.,0.,0.,0.,0.,0.,0.,0.,0.,0.,0.,0.,0.,0.,0.,0.,0.,0.,0.004728132387706856,0.03309692671394799,3.4444444444444446,0.02364066193853428,0.002364066193853428,0.,0.,0.,0.0070921985815602835
0.14657210401891252,0.23877068557919623,0.004728132387706856,0.,0.2624113475177305,0.44208037825059104,0.06855791962174941,0.31678486997635935,0.8463356973995272,0.6761229314420804,2.678486997635934,3.224586288416076,9.295508274231679,5.997635933806147,5.6052009456264775,1.,9.035460992907801,10.122931442080379,0.8108747044917257,4.260047281323877,20.25531914893617,0.,5.59338061465721,1.3191489361702127,6.796690307328605,3.0567375886524824,15.99290780141844,6.628841607565012,1.4491725768321513,0.3262411347517731,0.524822695035461,0.02127659574468085,0.004728132387706856,1.851063829787234,2.186761229314421,0.004728132387706856,0.,0.,0.,0.,0.,0.02364066193853428,0.,0.,0.026004728132387706,0.,0.,0.,0.,0.,0.,0.07801418439716312,0.037825059101654845,0.,0.02127659574468085,2.198581560283688,0.07092198581560284,12.543735224586289,32.71394799054374,19.5177304964539,5.453900709219858,1.6524822695035462,2.354609929078014,0.061465721040189124,0.,0.,0.,0.,0.,0.,0.,0.,0.,0.,0.,0.,0.004728132387706856,0.,0.002364066193853428,0.,0.,0.0070921985815602835,0.,0.,0.02364066193853428,0.04964539007092199,0.25295508274231676,0.02364066193853428,0.,0.004728132387706856,0.004728132387706856,0.,0.,0.,0.,0.,0.,0.,0.,0.,0.,0.,0.,0.,0.,0.,0.,0.,0.,0.,0.,0.,0.,0.,0.,0.,0.,0.,0.,0.,0.,1.7234042553191489,1.0236406619385343,0.,0.,0.30260047281323876,0.004728132387706856,0.,0.03309692671394799
0.08274231678486997,0.030732860520094562,0.,0.,0.04491725768321513,0.1773049645390071,0.028368794326241134,0.15602836879432624,0.04018912529550828,0.03309692671394799,0.15130023640661938,0.13238770685579196,0.2978723404255319,0.016548463356973995,0.08037825059101655,0.14420803782505912,0.05673758865248227,0.2198581560283688,0.1347517730496454,1.8132387706855793,6.569739952718676,5.59338061465721,0.,0.08037825059101655,0.7943262411347518,1.2955082742316786,3.862884160756501,7.536643026004728,2.219858156028369,0.8132387706855791,1.3687943262411348,0.1347517730496454,0.3546099290780142,11.8274231678487,1.2198581560283688,0.009456264775413711,0.04728132387706856,0.04018912529550828,0.07328605200945626,0.04491725768321513,0.,1.0283687943262412,0.004728132387706856,0.02364066193853428,0.4444444444444444,0.,0.,0.,0.016548463356973995,0.016548463356973995,0.004728132387706856,0.30260047281323876,0.07092198581560284,0.002364066193853428,0.061465721040189124,1.2860520094562649,0.030732860520094562,6.092198581560283,9.056737588652481,1.8959810874704492,0.23877068557919623,0.05200945626477541,12.349881796690307,0.0070921985815602835,0.,0.,0.,0.,0.,0.,0.002364066193853428,0.026004728132387706,0.,0.,0.,0.002364066193853428,0.05200945626477541,0.,0.,0.,0.,0.,0.,0.,0.,0.0070921985815602835,0.061465721040189124,0.3664302600472813,0.,0.,0.,0.,0.016548463356973995,0.004728132387706856,0.,0.,0.,0.,0.004728132387706856,0.018912529550827423,0.,0.,0.,0.,0.,0.004728132387706856,0.,0.,0.,0.,0.,0.,0.,0.,0.,0.,0.002364066193853428,0.,0.,0.03309692671394799,0.,2.1394799054373523,0.47044917257683216,0.01182033096926714,0.004728132387706856,0.002364066193853428,0.4066193853427896,0.,0.04018912529550828
0.,0.002364066193853428,0.002364066193853428,0.,0.,0.,0.061465721040189124,1.0472813238770686,0.08274231678486997,0.002364066193853428,0.,0.009456264775413711,0.24822695035460993,1.8652482269503545,2.0851063829787235,16.3806146572104,12.35224586288416,7.829787234042553,0.2033096926713948,0.,0.002364066193853428,1.3191489361702127,0.08037825059101655,0.,2.8085106382978724,3.1134751773049647,14.387706855791961,0.3120567375886525,0.05200945626477541,0.14657210401891252,1.2293144208037825,0.1607565011820331,0.13238770685579196,0.39243498817966904,0.09219858156028368,0.,0.030732860520094562,0.01182033096926714,0.002364066193853428,0.030732860520094562,0.,0.5177304964539007,0.028368794326241134,0.0591016548463357,0.028368794326241134,0.,0.,0.,0.004728132387706856,0.004728132387706856,0.,0.04491725768321513,0.06382978723404255,0.0070921985815602835,0.026004728132387706,3.5437352245862885,0.0851063829787234,1.1583924349881796,1.9479905437352245,9.368794326241135,2.5555555555555554,0.,1.364066193853428,0.04018912529550828,0.,0.,0.,0.,0.,0.,0.,0.,0.,0.,0.,0.,0.,0.,0.,0.,0.,0.,0.,0.,0.,0.,0.,0.,0.,0.,0.,0.,0.,0.,0.,0.,0.,0.,0.,0.,0.,0.,0.,0.,0.,0.,0.,0.,0.,0.,0.,0.,0.,0.,0.,0.,0.,0.,0.,0.,0.,0.014184397163120567,0.,0.,0.,0.,0.,0.,0.
0.0070921985815602835,0.11347517730496454,0.009456264775413711,0.,0.009456264775413711,0.,0.16784869976359337,1.5059101654846336,0.7706855791962175,0.2364066193853428,0.2647754137115839,0.7825059101654847,1.0685579196217494,4.57919621749409,5.843971631205674,4.085106382978723,4.281323877068558,30.62647754137116,16.34988179669031,0.07565011820330969,0.07328605200945626,6.796690307328605,0.7943262411347518,2.8085106382978724,0.,12.959810874704491,35.910165484633566,9.94562647754137,2.978723404255319,1.044917257683215,1.7234042553191489,0.16312056737588654,0.16312056737588654,1.177304964539007,3.0047281323877066,0.004728132387706856,0.004728132387706856,0.026004728132387706,0.03309692671394799,0.002364066193853428,0.002364066193853428,0.3404255319148936,0.004728132387706856,0.026004728132387706,0.01182033096926714,0.,0.,0.004728132387706856,0.01182033096926714,0.009456264775413711,0.,0.13947990543735225,0.0851063829787234,0.009456264775413711,0.026004728132387706,7.349881796690307,0.14657210401891252,6.177304964539007,5.390070921985815,40.0354609929078,5.260047281323877,0.,1.3286052009456264,0.054373522458628844,0.,0.,0.,0.,0.,0.,0.,0.,0.,0.,0.,0.,0.,0.,0.,0.,0.,0.,0.,0.002364066193853428,0.,0.002364066193853428,0.004728132387706856,0.,0.,0.,0.,0.,0.,0.,0.,0.,0.,0.,0.,0.,0.,0.,0.,0.,0.,0.,0.,0.,0.,0.,0.,0.,0.,0.,0.,0.,0.,0.,0.,0.,0.,0.004728132387706856,0.002364066193853428,0.,0.,0.,0.,0.,0.
0.009456264775413711,0.22458628841607564,0.03546099290780142,0.,0.004728132387706856,0.,0.6997635933806147,3.1394799054373523,1.1631205673758864,0.3333333333333333,0.05200945626477541,0.2458628841607565,0.02127659574468085,0.14420803782505912,7.375886524822695,8.340425531914894,3.106382978723404,11.023640661938535,2.15839243498818,0.,0.028368794326241134,3.0567375886524824,1.2955082742316786,3.1134751773049647,12.959810874704491,0.,29.55082742316785,10.74468085106383,3.3664302600472813,2.5721040189125297,11.817966903073286,1.6430260047281324,2.1962174940898347,2.6382978723404253,2.8297872340425534,0.004728132387706856,0.15130023640661938,0.08983451536643026,0.07801418439716312,0.08274231678486997,0.014184397163120567,1.7210401891252955,0.14184397163120568,0.28368794326241137,0.17494089834515367,0.,0.,0.10874704491725769,0.08747044917257683,0.08274231678486997,0.028368794326241134,2.8865248226950353,1.4042553191489362,0.0851063829787234,0.3829787234042553,7.969267139479905,0.16548463356973994,1.4680851063829787,1.6666666666666667,16.390070921985817,1.7328605200945626,0.,4.,0.0851063829787234,0.,0.,0.,0.,0.,0.,0.,0.,0.,0.,0.,0.,0.,0.,0.,0.,0.,0.,0.,0.,0.,0.,0.002364066193853428,0.014184397163120567,0.,0.,0.,0.002364066193853428,0.,0.,0.,0.,0.,0.,0.,0.,0.,0.,0.,0.,0.,0.,0.,0.,0.,0.,0.,0.,0.,0.,0.,0.,0.,0.,0.,0.,0.,0.037825059101654845,0.004728132387706856,0.,0.,0.,0.,0.,0.0070921985815602835
0.009456264775413711,0.10638297872340426,0.02127659574468085,0.,0.004728132387706856,0.,0.491725768321513,3.160756501182033,0.48226950354609927,0.16312056737588654,0.02364066193853428,0.06382978723404255,0.05200945626477541,0.6146572104018913,0.933806146572104,9.070921985815604,3.74468085106383,49.139479905437355,6.508274231678487,0.009456264775413711,0.03546099290780142,15.99290780141844,3.862884160756501,14.387706855791961,35.910165484633566,29.55082742316785,0.,42.579196217494086,8.281323877068559,1.966903073286052,22.494089834515368,5.449172576832152,2.437352245862884,2.42080378250591,6.628841607565012,0.002364066193853428,0.13711583924349882,0.04018912529550828,0.07565011820330969,0.07565011820330969,0.009456264775413711,2.049645390070922,0.17966903073286053,0.24113475177304963,0.3947990543735225,0.,0.,0.07328605200945626,0.05200945626477541,0.03309692671394799,0.0425531914893617,2.3569739952718676,1.1300236406619386,0.20094562647754138,0.3309692671394799,11.465721040189125,0.8416075650118203,7.281323877068558,12.929078014184396,16.63356973995272,3.15839243498818,0.,12.763593380614656,0.26004728132387706,0.,0.,0.,0.,0.,0.,0.,0.,0.,0.,0.,0.,0.,0.,0.,0.,0.,0.,0.,0.,0.,0.,0.002364066193853428,0.054373522458628844,0.,0.,0.,0.002364066193853428,0.004728132387706856,0.0070921985815602835,0.,0.,0.,0.,0.,0.,0.,0.,0.,0.,0.,0.,0.,0.,0.,0.,0.,0.,0.,0.,0.,0.,0.,0.,0.,0.004728132387706856,0.,0.2695035460992908,0.054373522458628844,0.,0.,0.,0.05673758865248227,0.,0.04964539007092199
0.0591016548463357,0.7044917257683215,0.07565011820330969,0.,0.054373522458628844,0.,0.3829787234042553,1.3215130023640662,3.2387706855791962,1.58628841607565,0.8936170212765957,2.1678486997635935,1.4160756501182032,5.990543735224587,14.14420803782506,1.702127659574468,3.41371158392435,26.,18.44208037825059,0.16784869976359337,0.20094562647754138,6.628841607565012,7.536643026004728,0.3120567375886525,9.94562647754137,10.74468085106383,42.579196217494086,0.,17.70212765957447,10.115839243498819,9.775413711583925,2.0803782505910164,1.4869976359338062,16.120567375886523,31.08983451536643,0.01182033096926714,0.13002364066193853,0.10401891252955082,0.12056737588652482,0.030732860520094562,0.,0.7541371158392435,0.06382978723404255,0.08274231678486997,0.10638297872340426,0.,0.,0.01182033096926714,0.026004728132387706,0.009456264775413711,0.009456264775413711,3.104018912529551,0.900709219858156,0.0425531914893617,0.6359338061465721,10.513002364066194,0.1867612293144208,2.115839243498818,2.3664302600472813,23.77304964539007,2.6973995271867612,0.,2.678486997635934,0.028368794326241134,0.,0.,0.,0.,0.,0.,0.,0.,0.,0.,0.,0.,0.,0.,0.,0.,0.,0.,0.,0.002364066193853428,0.,0.,0.,0.04018912529550828,0.,0.,0.,0.,0.0070921985815602835,0.,0.,0.,0.,0.,0.,0.,0.,0.,0.,0.,0.,0.,0.,0.,0.,0.,0.,0.,0.,0.,0.,0.,0.,0.,0.,0.,0.,0.004728132387706856,0.02127659574468085,0.,0.,0.,0.,0.,0.009456264775413711
0.002364066193853428,0.10874704491725769,0.01182033096926714,0.,0.004728132387706856,0.,0.1182033096926714,0.23404255319148937,0.6879432624113475,0.4302600472813239,0.3829787234042553,1.1134751773049645,0.7446808510638298,2.699763593380615,2.730496453900709,0.3262411347517731,0.723404255319149,10.397163120567376,6.113475177304965,0.04728132387706856,0.09692671394799054,1.4491725768321513,2.219858156028369,0.05200945626477541,2.978723404255319,3.3664302600472813,8.281323877068559,17.70212765957447,0.,6.07565011820331,8.64066193853428,0.9030732860520094,0.640661938534279,24.127659574468087,38.212765957446805,0.04491725768321513,0.05673758865248227,0.02364066193853428,0.028368794326241134,0.014184397163120567,0.,0.706855791962175,0.04018912529550828,0.061465721040189124,0.1347517730496454,0.,0.,0.,0.037825059101654845,0.0070921985815602835,0.002364066193853428,1.9929078014184398,0.5460992907801419,0.030732860520094562,0.3475177304964539,2.4326241134751774,0.054373522458628844,0.14893617021276595,0.20094562647754138,2.0520094562647753,0.08747044917257683,0.,1.4893617021276595,0.009456264775413711,0.,0.,0.,0.,0.,0.,0.,0.,0.,0.,0.,0.,0.,0.,0.,0.,0.,0.,0.,0.,0.,0.,0.,0.,0.,0.,0.,0.,0.,0.,0.,0.,0.,0.,0.,0.,0.,0.,0.,0.,0.,0.,0.,0.,0.,0.,0.,0.,0.,0.,0.,0.,0.,0.,0.,0.,0.,0.,0.,0.,0.,0.,0.,0.,0.
0.,0.07565011820330969,0.0070921985815602835,0.,0.,0.0070921985815602835,0.054373522458628844,0.43498817966903075,0.6524822695035462,0.19148936170212766,0.2364066193853428,0.36879432624113473,0.17257683215130024,0.5721040189125296,2.723404255319149,1.127659574468085,0.9527186761229315,3.2742316784869976,0.9929078014184397,0.06619385342789598,0.06855791962174941,0.3262411347517731,0.8132387706855791,0.14657210401891252,1.044917257683215,2.5721040189125297,1.966903073286052,10.115839243498819,6.07565011820331,0.,12.907801418439716,3.6548463356973997,5.479905437352246,50.61702127659574,10.777777777777779,10.543735224586289,20.754137115839242,8.479905437352246,3.326241134751773,1.1229314420803782,1.2340425531914894,4.718676122931442,3.293144208037825,1.0898345153664302,0.2789598108747045,0.002364066193853428,0.,0.018912529550827423,0.3664302600472813,0.1111111111111111,0.01182033096926714,0.5933806146572104,0.5933806146572104,0.07565011820330969,0.8699763593380615,7.775413711583925,0.30260047281323876,0.10638297872340426,0.0851063829787234,3.078014184397163,0.061465721040189124,0.002364066193853428,1.326241134751773,0.016548463356973995,0.,0.,0.,0.,0.,0.,0.,0.,0.,0.,0.,0.,0.,0.,0.,0.,0.,0.,0.,0.,0.,0.,0.,0.,0.,0.,0.,0.,0.,0.,0.,0.,0.,0.,0.,0.,0.004728132387706856,0.,0.,0.,0.,0.,0.,0.,0.,0.,0.,0.,0.,0.,0.,0.,0.,0.,0.,0.,0.,0.,0.,0.,0.,0.,0.,0.,0.
0.002364066193853428,0.04728132387706856,0.014184397163120567,0.,0.002364066193853428,0.,0.1867612293144208,1.3144208037825058,0.4491725768321513,0.09219858156028368,0.02127659574468085,0.05673758865248227,0.04728132387706856,0.03309692671394799,1.8699763593380614,3.023640661938534,0.7257683215130024,0.607565011820331,0.5555555555555556,0.002364066193853428,0.028368794326241134,0.524822695035461,1.3687943262411348,1.2293144208037825,1.7234042553191489,11.817966903073286,22.494089834515368,9.775413711583925,8.64066193853428,12.907801418439716,0.,23.976359338061467,15.962174940898345,13.52482269503546,3.5106382978723403,0.07328605200945626,0.8794326241134752,0.4397163120567376,1.011820330969267,1.2411347517730495,0.1111111111111111,7.231678486997636,2.297872340425532,2.430260047281324,1.4326241134751774,0.054373522458628844,0.02127659574468085,1.4940898345153664,1.57919621749409,0.9030732860520094,0.7163120567375887,6.635933806146572,5.702127659574468,1.6028368794326242,2.92434988179669,14.368794326241135,0.4444444444444444,0.46808510638297873,0.11347517730496454,4.5626477541371155,0.16312056737588654,0.,11.080378250591016,0.1182033096926714,0.,0.,0.,0.,0.,0.,0.,0.,0.,0.,0.,0.,0.,0.,0.,0.,0.,0.,0.,0.,0.,0.,0.,0.004728132387706856,0.,0.,0.,0.,0.004728132387706856,0.002364066193853428,0.,0.,0.,0.,0.,0.,0.,0.,0.,0.,0.,0.,0.,0.,0.,0.,0.,0.,0.,0.,0.,0.,0.,0.,0.,0.,0.,0.02364066193853428,0.002364066193853428,0.,0.,0.,0.,0.,0.0070921985815602835
