0,0.0558727598300347,0.008039470407550967,0.000012018589870394052,0.0055588419224229845,0.008670742986050745,0.019176155647336632,0.00015656863466085075,0.008674005872668943,0.022789780065698227,0.0017532830971224724,0.00007542266730728422,2.2312980753612782e-6,1.9977578848362137e-6,0.00007820491006786445,2.3769496247799595e-6,2.6216204705077323e-6,3.181592788451968e-7,1.275214357549297e-6,0.009522932190608648,0.0003249877984143079,0.00002336373605474911,7.465573194488134e-6,0,8.794840407793406e-7,1.1622695825050884e-6,3.642764572325391e-6,8.860921207866433e-6,1.9680622846710114e-7,0,2.686915872775223e-7,0,0,1.884618839119625e-7,6.730744863058975e-7,0,0,0,0,0,0,0,0,0,0,0,0,0,0,3.5678813174969235e-7,0,0,0,0,0,0.00005190600070859671,0.008496322893902113,7.079956624926042e-6,0.012248038549957587,0.08591269944491561,0.00009869279960541336,0.0054110726943089014,1.072544066619932e-6,0.0002498448741215755,0,0,0,0,0,0,0,0,8.544528575361652e-7,0,3.925868014821375e-7,0,0,0,0,0,0,0,0,0,0.000012312849326146642,0,0,0,0,0,0,0,0,0,0,0,0,0,0,0,0,0,0,0,0,0,0,0,0,0,0,0,0,0,0,0,0,0,0,0,0,0,0.00006441826708237348,0,5.771647357156337e-7,3.815964533140926e-6,0,0,0
0.0558727598300347,0,0.014375279478774488,0.0011909721916773706,0.04978980576594846,0.019534122751865498,0.07076303133914241,0.0012038671022530968,0.00982912776559869,0.07108179313907068,0.015029726737491943,0.0007226199330153625,0.00005497274880525145,0.00007671082221168268,0.0012034673702836026,0.000028188127787592047,0.000055462867654260144,0.00004108858554551556,0.000037257019817915415,0.004705274041968539,0.00007239923034416195,0.00003138449319567054,2.5640122670677945e-6,7.027549788099983e-7,9.475001775859753e-6,0.00002415723362317014,0.000014199947771616508,0.00005982241253364187,7.22814711730243e-6,5.213990165668279e-6,4.656019354839955e-6,1.2857008210480137e-7,1.5375025146881497e-7,5.733923348214126e-6,7.52245577945518e-6,0,0,0,0,0,0,1.1867602091204515e-6,0,0,0,0,0,0,6.781294951890843e-7,0,0,0,0,0,0,0.00003650884957615172,0.005540334914014053,6.48710041469223e-6,0.017694107977560266,0.06468422470407538,0.000052506192199154034,0.004293652948025389,9.184665283078346e-7,0.000019882668343100234,0,0,0,0,0,0,0,0,0,0,0,0,0,0,0,0,0,0,0,0,3.3919678612416522e-6,0,0,0,0,0,0,0,0,0,0,0,0,0,0,0,0,0,0,0,0,0,0,0,0,0,0,0,0,0,0,0,0,0,0,0,0,0,6.610853799829504e-7,0,0,0,0,0,0
0.008039470407550967,0.014375279478774488,0,0,0.00008616774606770474,7.072555442075719e-6,0.032575647692688336,0.0005689220880083059,0.002487817811029274,0.029826611460359902,0.000044424381715147873,0.000028684189739958905,2.833772947640776e-6,0.00001042089964941922,0.00026131310053079397,0.00001348248568396739,0.00001345823915684187,3.2851121164276475e-6,7.244908048503357e-6,0.000018518217370107094,3.2820964574671764e-6,6.422664180142602e-7,0,1.386032910973945e-7,9.374843255836646e-7,3.5133980931426915e-6,2.9253233574084305e-6,7.241949917087614e-6,6.743012535750369e-7,4.6675562241578437e-7,1.4241306943739475e-6,0,0,1.7965499563684992e-6,2.123496341832816e-6,0,0,0,0,0,0,1.2572291723581968e-6,0,0,0,0,0,0,0,0,0,0,0,0,0,3.951090292080388e-6,0.0003098960011767379,2.254549480146856e-7,0.00001245034968043042,0.0002621137873122356,1.140034451777277e-6,3.0153917858180485e-6,6.574155661101981e-7,0,0,0,0,0,0,0,0,0,0,0,0,0,0,0,0,0,0,0,0,0,0,0,0,0,0,0,0,0,0,0,0,0,0,0,0,0,0,0,0,0,0,0,0,0,0,0,0,0,0,0,0,0,0,0,0,0,0,0,0,0,0,0,0,0,0
0.000012018589870394052,0.0011909721916773706,0,0,0.003740563295071486,0.00032995719432623753,0.000015971315748741802,2.1892298249794986e-6,0.000022852682406654487,0.0006359986585505379,0.0006639750437961559,9.340089056751154e-6,0,0,7.125484524041086e-7,0,0,1.1577835365204892e-6,0,0.000025730613041581104,0,0,0,0,0,0,0,0,0,0,0,0,0,0,0,0,0,0,0,0,0,0,0,0,0,0,0,0,0,0,0,0,0,0,0,0,0,0,0.000027828398638098946,0.00005880249150995265,0,2.3530776824641424e-6,0,0,0,0,0,0,0,0,0,0,0,0,0,0,0,0,0,0,0,0,0,0,0,0,0,0,0,0,0,0,0,0,0,0,0,0,0,0,0,0,0,0,0,0,0,0,0,0,0,0,0,0,0,0,0,0,0,0,0,0,0,0,0,0,0,0,0
0.0055588419224229845,0.04978980576594846,0.00008616774606770474,0.003740563295071486,0,0.004678237283299946,0.0029271100869093965,0.00005475559841503568,0.0016172089003239332,0.09498509791033581,0.015195311456093475,0.0006145056340828372,0.00008991222799683298,0.000034305823147531356,0.00011932681277454464,5.537908084020081e-7,1.7511602178190297e-6,0.000013825449866071545,0.000012728805427366023,0.002515135291656492,0.0002655948830202662,0.000042840871281775816,5.107437825154286e-6,0,9.583619461163525e-7,4.2159711757694833e-7,6.669070667584497e-7,4.51561002410754e-6,3.4130029905826924e-7,0,1.5883252063075995e-7,0,0,1.0568737369325388e-6,1.369386900434603e-6,0,0,0,0,0,0,0,0,0,0,0,0,0,2.0044739726409982e-7,0,0,2.6305263129926164e-7,0,0,0,2.6300134045516503e-6,0.00033233551261445615,3.1924386331748153e-6,0.010660253230592545,0.015480060390464514,0.000030044008703641065,0.0004659602880648843,1.3205131341291574e-6,0,0,0,0,0,0,0,0,0,0,0,0,0,0,0,0,0,0,0,0,0,0,0,0,1.0910504706342756e-7,0,0,0,0,0,0,0,0,0,0,0,0,0,0,0,0,0,0,0,0,0,0,0,0,0,0,0,0,0,0,0,0,0,8.047498882613327e-7,4.646950589296415e-6,0,0,0,0,0,0
0.008670742986050745,0.019534122751865498,7.072555442075719e-6,0.00032995719432623753,0.004678237283299946,0,0.0004892996743654797,8.898578597208355e-6,0.00005197450927408718,0.005282887356836157,0.0002918511708484759,0.000019226230713495036,0.000022416876952888718,1.0659605692905326e-6,5.306413110024029e-6,1.344560030329137e-6,0,0,0,0.005562010321617386,0.0003391890573557066,0.00008296190073208361,0.000015769271618776124,0,0,0,0,0,0,5.714924192713402e-7,0,0,0,1.9528087552377743e-6,3.0947767533342907e-6,0,0,0,0,0,0,0,0,0,0,0,0,0,0,0,0,0,0,0,0,0,0.00016211343084616842,1.2960314605683336e-6,0.03184512874110174,0.020942897967621603,0.000017269822704795928,0.008057927812392956,4.8691320484672826e-6,0,0,0,0,0,0,0,0,0,0,0,0,0,0,0,0,0,0,0,0,0,0.0000501381410869679,0,0,0,0,0,0,0,0,0,0,0,0,0,0,0,0,0,0,0,0,0,0,0,0,0,0,0,0,0,0,0,0,0,0,0,0,0,0.00006247028090502887,0,0,0.000028650982927651705,0,0,0.000022939060246748517
0.019176155647336632,0.07076303133914241,0.032575647692688336,0.000015971315748741802,0.0029271100869093965,0.0004892996743654797,0,0.04823209777100633,0.05196001325098599,0.07079289902054808,0.006313505125371218,0.0016786088318945897,0.00002579750571556529,0.000024914493801260748,0.001528804969708866,0.0008576848010424256,0.00018778648044130337,0.000021808166990760147,4.8458134072647176e-6,0.010221192300845151,0.0025006747862151195,0.000011133558006113477,3.0150710225842146e-6,0.00003481688135478939,0.000036683914214434205,0.00013637824425404103,0.00011127430134288588,0.000049204851571971716,0.000011103662543393936,4.5692430936638e-6,0.000026006774959740915,5.288826012218137e-6,3.051500516808404e-6,0.000017739894856080123,8.686185871031189e-6,0,1.1413905210928346e-6,1.9283425293422706e-6,0,0,0,0.000028514715300839524,3.5016891829523594e-7,2.519117900637677e-7,2.552546888147016e-7,0,0,0,0,0,0,0,0,0,0,0.0001821372372428455,0.00424377760383059,5.216938088348242e-6,0.005552690657070632,0.005650276921958837,0.00003508313511765112,0.00013874345005646975,8.439221140658e-6,0,0,0,0,0,0,1.2748379017646588e-6,9.02011956945972e-7,1.1329859133763431e-6,6.480160883901678e-7,0,0,0,0,0,0,0,0,0,0,0,9.53011919107043e-6,9.08907056831557e-7,0,0,0,0,0,0,0,0,0,0,0,0,0,0,0,0,0,0,0,0,0,0,0,0,0,0,0,0,0,0,0,0,0,0,1.3536760494326622e-6,0,0.000036809562827463176,4.2252862431452583e-7,0,0,0,0,0
0.00015656863466085075,0.0012038671022530968,0.0005689220880083059,2.1892298249794986e-6,0.00005475559841503568,8.898578597208355e-6,0.04823209777100633,0,0.04034108331301482,0.003131163739759182,0.0023781116607603163,0.01181893851443622,0.0015283097051165487,0.0021409134811193283,0.015448835811054058,0.02931692164733637,0.005095192321422961,0.00016243174483522373,0.0000466662596544079,0.001168638208713183,0.00791576183963751,0.0001544032376664266,0.00003094498529185302,0.0019996928637881655,0.0011364425552310767,0.0012920140576622656,0.0015077180408187487,0.00033991337019249787,0.00003318002092292304,0.000058570709006396186,0.0003262228699112317,0.000030174449819117392,0.00003799701463110902,0.00014587340981373856,0.000054001417044478955,0,3.4992047783804034e-6,1.9536572748520883e-6,5.09388498051363e-6,3.7463781066083097e-6,0,0.00011903381659580852,5.922430682319799e-6,5.906359736186779e-6,2.4011275746538824e-6,0,0,0,1.3617842550863887e-6,0,0,0.00001311248627659372,4.340567495788272e-7,0,1.8175411487146673e-6,0.01773729745657839,0.01777253175828463,0.0002738919727437525,0.027479952556833335,0.06807641265279396,0.003574313729451687,0.000020746045427674468,0.00017031538024422436,0.000027184748467227123,0,0,0,0,0,0,0,4.637274658732789e-7,0,0,0,0,0,0,1.168894215481275e-6,0,0,0,0,0,0,0.000012740462346490593,0,0,0,0,0,0,0,0,0,0,0,0,0,0,0,0,0,0,0,0,0,0,0,0,0,0,0,0,0,0,0,0,0,0,0,7.475892745206529e-7,0.00003419892475040049,0,0,0,0,0,0
0.008674005872668943,0.00982912776559869,0.002487817811029274,0.000022852682406654487,0.0016172089003239332,0.00005197450927408718,0.05196001325098599,0.04034108331301482,0,0.09243996360441874,0.052647429514150426,0.0521726640579555,0.0026241916837498338,0.0022220958763784246,0.07934472344043778,0.0007636816311070799,0.0009704850174771612,0.001017823567229743,0.0005171542238053342,0.010499548183946845,0.0160505517087424,0.00023287194384929513,5.018769371472643e-6,0.00003206271312288363,0.00016733099428699737,0.0002635497863705501,0.00009945342557901197,0.0005547197354234128,0.00008105474175319324,0.00007013081203552786,0.00007078782501043653,0.000019013245248281426,8.982561596620526e-6,0.0001566686465003349,0.00007239516246677415,4.814401799149393e-7,3.0762648724078537e-6,2.7806497099007314e-6,7.824577076805571e-7,0,4.2399604392262903e-7,0.000015046065079273204,0,0,3.7491269911318616e-7,0,0,1.407502183717883e-7,0,0,0,1.5831312334084393e-7,0,0,5.204032696469148e-7,0.0031567055641265407,0.021727076884499378,0.00001676048552905844,0.038201416284393386,0.04027060863635075,0.00024467016459975315,0.00002843813750994494,7.82785447303176e-6,1.1400353296592727e-6,0,0,0,0,0,0,3.51586352433945e-7,3.6032115295540714e-7,0,0,0,0,0,0,2.323843509392979e-6,0,0,0,0,0,0.000010872143774040416,0.00003081825852951923,0,0,0,0,0,0,0,0,0,0,0,0,1.6471990571554446e-7,0,0,0,0,0,0,0,0,0,0,0,0,0,0,0,0,0,0,0,0,0,0,0,0.00004554285976947676,0,0,2.5335066152762673e-6,2.136131214322754e-7,0,0
0.022789780065698227,0.07108179313907068,0.029826611460359902,0.0006359986585505379,0.09498509791033581,0.005282887356836157,0.07079289902054808,0.003131163739759182,0.09243996360441874,0,0.14415876637582234,0.010713302985839996,0.000448744774089023,0.0005110274723965023,0.0046479545568781,0.000035465026093840325,0.00007598307269613444,0.00023830221535738099,0.0002236483115059278,0.015883923100046344,0.00041121875516400005,0.0000904256611688801,3.1629851834765113e-6,1.9825045745583995e-7,0.000023053830347935373,0.000035304951553801004,0.000022487071847416776,0.00013954335732310348,0.000030805516231670205,0.000012631066592885054,7.693364799595602e-6,0,0,0.00004003895772222732,0.0000299640099333668,0,3.146497210742658e-7,0,0,0,0,2.3598674479417882e-6,0,0,0,0,0,0,1.1719681409714568e-6,0,0,0,0,0,0,0.00004838895444643607,0.003433452349954924,0.000018411036249791997,0.011198414163095659,0.03400718545626126,0.00007073094267789575,0.0002235437586309441,1.8495095212876907e-6,0,0,0,0,0,0,0,0,0,0,0,0,0,0,0,0,0,0,0,0,0,3.881850730178304e-6,1.430058945242149e-6,0,0,0,0,0,0,0,0,0,0,0,0,0,0,0,0,0,0,0,0,0,0,0,0,0,0,0,0,0,0,0,0,0,0,0,1.4055092180891715e-6,0.000020344786119128137,0,0,0,0,0,0
0.0017532830971224724,0.015029726737491943,0.000044424381715147873,0.0006639750437961559,0.015195311456093475,0.0002918511708484759,0.006313505125371218,0.0023781116607603163,0.052647429514150426,0.14415876637582234,0,0.1730753145821963,0.009713566727581576,0.0034374597314655443,0.0031800128498040746,7.337209450496461e-6,9.061911192897428e-6,0.00029756784273639027,0.0008268614708006051,0.009633710459850358,0.003359458936205951,0.0007223698282945749,0.00002263090704680864,0,0.000032584301732020735,5.96543604949525e-6,3.186523069536117e-6,0.00009856694580406436,0.00003513222046988342,0.000019270197000812517,1.924501082257444e-6,9.707004058180745e-7,0,0.000032608105792731885,0.00004919591567517216,0,0,0,0,0,0,2.8150076817132555e-7,0,0,0,0,0,0,2.096092766717226e-7,0,0,0,0,0,0,0.000042253406460649376,0.0014870912418284753,0.000010842137316079701,0.009878424639268373,0.007122755228907634,0.00005852692213889916,0.000019357934061340194,2.3872850894041e-6,0,0,0,0,0,0,0,0,0,0,0,0,0,0,0,0,0,0,0,0,0,3.0612909502117153e-6,0,0,0,0,0,0,0,0,0,0,0,0,0,0,0,0,0,0,0,0,0,0,0,0,0,0,0,0,0,0,0,0,0,0,0,0,0,5.788839077697993e-6,0,0,0,0,0,0
0.00007542266730728422,0.0007226199330153625,0.000028684189739958905,9.340089056751154e-6,0.0006145056340828372,0.000019226230713495036,0.0016786088318945897,0.01181893851443622,0.0521726640579555,0.010713302985839996,0.1730753145821963,0,0.10667548081170847,0.021949360167539664,0.03145490279714067,0.00012803440650048246,0.00019450238091267845,0.0013472764558394095,0.0033157857256952933,0.00305251098800265,0.025393648069061893,0.0013387288310122095,0.000027247258706477954,4.989716293333313e-6,0.00016897178608857611,0.000053400381943535844,9.444776446570578e-6,0.00040286274240856624,0.00015604839679275005,0.00004347370250282577,7.839231848738786e-6,7.017148395107325e-7,6.857078247303671e-7,0.00007102585178158333,0.00011333458223249885,0,0,0,0,0,0,1.6582545207268312e-7,0,0,0,0,0,0,0,0,0,2.8423018845590505e-7,0,0,0,0.00035381712668627847,0.0020778230927914155,0.000014147897468189492,0.01950533150914556,0.005587977106914322,0.00007940656312657436,7.556781162098015e-7,1.1577830098385311e-6,3.987292503584759e-7,0,0,0,0,0,0,0,0,0,0,0,0,0,0,0,0,0,0,0,0,1.7648085071018513e-6,2.32453798529883e-6,0,1.7152359835786644e-7,0,0,0,0,0,0,0,0,0,0,0,0,0,0,0,0,0,0,0,0,0,0,0,0,0,0,0,0,0,0,0,0,5.881406544570689e-7,0,2.0937984246205918e-6,0,0,0,0,0,0
2.2312980753612782e-6,0.00005497274880525145,2.833772947640776e-6,0,0.00008991222799683298,0.000022416876952888718,0.00002579750571556529,0.0015283097051165487,0.0026241916837498338,0.000448744774089023,0.009713566727581576,0.10667548081170847,0,0.2856928412156498,0.029916409333755497,0.0009640415589333172,0.0031935902975014784,0.019373046035143515,0.02835757833101451,0.0007625511097560045,0.0072069292033319216,0.015694446613346798,0.00012134114525365839,0.00014712452422009913,0.0006099382702265951,5.175593883889826e-6,0.00003033483915472024,0.0004598649228885341,0.00015490182723092136,0.000027013305630790835,0.000011012235700762289,0,0,0.00010420673387423734,0.00026872827880009047,0,0,0,0,0,0,0,0,0,0,0,0,0,0,0,0,0,0,0,0,0.00037223657011417984,0.000043994813899729615,0.00011438290641604356,0.009921271789946017,0.003965488613848027,0.0002762939183422502,5.0289167363965876e-6,0.000012140809334245293,5.493529601016276e-7,0,0,0,0,0,0,0,0,0,0,0,0,0,0,0,0,0,0,0,0,0,0,0,0,0,0,0,0,0,0,0,0,0,0,0,0,0,0,0,0,0,0,0,0,0,0,0,0,0,0,0,0,0,0,0,0,0,0,0,0,0,0,0,0,0
1.9977578848362137e-6,0.00007671082221168268,0.00001042089964941922,0,0.000034305823147531356,1.0659605692905326e-6,0.000024914493801260748,0.0021409134811193283,0.0022220958763784246,0.0005110274723965023,0.0034374597314655443,0.021949360167539664,0.2856928412156498,0,0.0543483475806202,0.003148362317985039,0.014939177299846399,0.03792065937877493,0.045497851195653485,0.00016630280325976568,0.004297145738873252,0.01288570203837295,3.6191562547586408e-6,0.0008424374324063437,0.0030415939567783254,0.00004903691455845192,0.0001835973809599658,0.002566575860709136,0.000755127007441754,0.00010994866175331321,7.916191662248115e-6,1.6437573426321628e-6,0,0.0001229242697932148,0.000578624582533557,0,0,0,0,0,0,0,0,0,0,0,0,0,0,0,0,0,0,0,0,0.0006517122538011488,0.00008604815946784075,0.00014622062145078305,0.009708877080567807,0.005215685859215104,0.000517894314077066,4.785386787502455e-7,0.00001557766065541778,1.6380573779871205e-6,0,0,0,0,0,0,0,0,0,0,0,0,0,0,0,0,0,0,0,0,0,0,0,0,0,0,0,0,0,0,0,0,0,0,0,0,0,0,0,0,0,0,0,0,0,0,0,0,0,0,0,0,0,0,0,0,0,6.189882021349108e-7,5.527185169518184e-7,0,0,0,0,0,0
0.00007820491006786445,0.0012034673702836026,0.00026131310053079397,7.125484524041086e-7,0.00011932681277454464,5.306413110024029e-6,0.001528804969708866,0.015448835811054058,0.07934472344043778,0.0046479545568781,0.0031800128498040746,0.03145490279714067,0.029916409333755497,0.0543483475806202,0,0.014624616074968864,0.09183752425742633,0.030724281839464365,0.003886010545629154,0.00044129625501103034,0.015225749164215383,0.006890162127979714,0.000018316110936018593,0.002041768847487399,0.005166541858209462,0.00461748306282185,0.0004038678078425109,0.00536878053071156,0.0005940502682361984,0.0004921350827791625,0.0005795428102429425,0.00006259082971823908,0.00009904224932232517,0.0008835545291706658,0.00036082455979782787,1.5215974058924614e-6,4.9624709501470155e-6,8.774215525477415e-6,0.000012490722431512377,5.160836514617352e-6,0,0.00006783035631623699,0.000010697576738787444,4.7470993388138396e-7,2.7216217392416776e-7,0,0,0,3.4482482690433755e-7,0,0,1.5489286715918988e-6,4.417884098231108e-6,0,7.872242562685788e-7,0.03974366072018963,0.0035786576147322866,0.001001645431638343,0.07924608271729087,0.09886252144098669,0.004154091699593235,0,0.00014190439411387233,0.000054000426980041464,0,0,0,0,0,0,0,0,0,0,0,0,0,0,5.527194196553841e-7,0,0,0,0,0,0,0.0000261015224040737,2.5931866976509507e-6,0,0,0,0,0,0,0,0,0,0,0,0,0,0,0,0,0,0,0,0,0,0,0,0,0,0,0,0,0,0,0,0,0,0,0,0.00001649077318436376,0,0,0,0,0,0
2.3769496247799595e-6,0.000028188127787592047,0.00001348248568396739,0,5.537908084020081e-7,1.344560030329137e-6,0.0008576848010424256,0.02931692164733637,0.0007636816311070799,0.000035465026093840325,7.337209450496461e-6,0.00012803440650048246,0.0009640415589333172,0.003148362317985039,0.014624616074968864,0,0.09265693221185119,0.002999769299816748,0.000051575661831808616,5.0783251219902655e-6,0.0003513222233656039,0.001045248521528284,0.000034161602534604344,0.07365956776825042,0.007057516192750222,0.00542746869093814,0.009017422514139603,0.000724186818863966,0.00006688232784362542,0.0002107627989901091,0.0010833388018836158,0.00010280672331596224,0.00010878834860805544,0.0004666525225316931,0.00006619384602486981,1.810687694625927e-6,0.00001856945693860983,6.28319146217401e-6,0.00002362453655057679,9.141590761226092e-6,1.971245670505671e-6,0.00025293979741771935,0.000026919964132675962,0.000014357579713185372,5.964518400133881e-6,0,0,0,3.0400907657312255e-6,4.709273863086587e-7,0,0.00002388661724359228,0.000012124066333302735,2.34527038675594e-7,9.020478119165863e-6,0.013748576252169697,0.0005833056191314399,0.0005211104786751246,0.005284629873438727,0.027948045329522088,0.00248966832090224,0,0.00030198602215386085,0.00003464657784479572,0,0,0,0,0,0,0,0,0,0,0,0,0,0,0,0,0,0,0,0,0,9.84617016940332e-7,1.7842534937903264e-6,2.3546354972837584e-7,0,0,0,0,0,0,0,0,0,0,0,0,0,0,0,0,0,0,0,0,0,0,0,0,0,0,0,0,0,0,0,0,0,0,0,0,0,0,0,0,0
2.6216204705077323e-6,0.000055462867654260144,0.00001345823915684187,0,1.7511602178190297e-6,0,0.00018778648044130337,0.005095192321422961,0.0009704850174771612,0.00007598307269613444,9.061911192897428e-6,0.00019450238091267845,0.0031935902975014784,0.014939177299846399,0.09183752425742633,0.09265693221185119,0,0.1203206056699429,0.0016523644712152833,3.989712535788953e-6,0.0002580051346465112,0.009308407557675868,0.000026076191682491114,0.03218296798664052,0.013256927847178806,0.008085844739876695,0.006749549461094739,0.003496189650610111,0.00026611024998502895,0.00025345370983578873,0.0006776033250235243,0.0000468525988675789,0.000059042221925191096,0.000454064570356008,0.000111539086549158,2.4603577865209305e-6,2.763791512692028e-6,0.000014462318402598688,0.000010402682034581528,1.5917212784080702e-6,0,0.00006118574920671032,5.175692510259839e-6,3.202691791990206e-6,1.647200525776156e-7,0,0,0,7.327614660142308e-7,0,0,0.00001724388619548038,4.6628492140188605e-6,0,0.00003459081086351953,0.04203879369727182,0.00022846268460669877,0.004167880228356399,0.019277424949248317,0.07524992446875871,0.0063391749606426856,6.83761870550295e-7,0.0003472426358192818,0.0000439105769553728,1.1625738348844551e-7,0,0,0,0,0,0,0,0,0,0,0,0,0,4.436227621890371e-7,0,0,0,0,0,0,1.1075821655150532e-6,1.6545356837944525e-6,0,0,0,0,0,0,0,0,0,0,0,0,0,0,0,0,0,0,0,0,0,0,0,0,0,0,0,0,0,0,0,0,0,0,9.233332904490939e-7,3.896205806955166e-6,3.946188074130602e-7,0,0,0,0,0
3.181592788451968e-7,0.00004108858554551556,3.2851121164276475e-6,1.1577835365204892e-6,0.000013825449866071545,0,0.000021808166990760147,0.00016243174483522373,0.001017823567229743,0.00023830221535738099,0.00029756784273639027,0.0013472764558394095,0.019373046035143515,0.03792065937877493,0.030724281839464365,0.002999769299816748,0.1203206056699429,0,0.29498088436728176,0.00004361276192472616,0.0000759772999755929,0.02532912734395683,0.00013472371745350546,0.006633266560732572,0.048367845220711476,0.016508220031589665,0.0332404477855373,0.03303521511203196,0.006662771904815391,0.0012257576594675585,0.0003998644465367341,8.448175437464021e-6,1.9157419686959434e-6,0.0016407358899620775,0.0033867553530929485,3.1467782387283417e-6,7.995331970150669e-7,0,2.82987483171867e-7,0,0,2.511778812123502e-6,0,4.439460489362286e-7,2.918602218630107e-7,0,0,0,0,0,0,0.000010014283422237254,0.000028332166438389572,4.2708434718477137e-7,8.737246119377489e-6,0.014279214892856884,0.00008033284275317947,0.015481884836429986,0.027434623789829554,0.07950743010331841,0.010553998263032544,0,0.0005981063422404437,0.000028665650572743024,0,0,0,0,0,0,0,0,0,0,0,0,0,0,0,0,0,0,0,0.00006112519942159016,0,0,1.0346755816469607e-6,2.1277814801717024e-6,0,0,0,0,0,0,0,0,0,0,0,0,0,0,0,0,0,0,0,0,0,0,0,0,0,0,0,0,0,0,0,0,0,2.8813195825728174e-6,1.3480474027778889e-6,0,0,0,0,0,3.8857118980894623e-7
1.275214357549297e-6,0.000037257019817915415,7.244908048503357e-6,0,0.000012728805427366023,0,4.8458134072647176e-6,0.0000466662596544079,0.0005171542238053342,0.0002236483115059278,0.0008268614708006051,0.0033157857256952933,0.02835757833101451,0.045497851195653485,0.003886010545629154,0.000051575661831808616,0.0016523644712152833,0.29498088436728176,0,0.00006585315911600133,0.00017981266417082408,0.002411792656889572,0.0003427617680886698,0.00011180762467651057,0.06435505544803528,0.003387907247585082,0.006879481901621894,0.07319219367557926,0.014261882536101783,0.0015529785319345988,0.0007579378193503959,0.00006261734606086776,2.656803822284107e-6,0.002072851854633227,0.011242650251743806,1.9298486921440627e-6,0,0,0,0,0,1.5866630726360858e-6,0,0,0,0,0,0,0,0,0,0.000034594279463743164,0.000021759811793049452,0,4.568654823773046e-6,0.0009098043309882476,9.718316890356535e-6,0.0014320407567253834,0.0009537752190827587,0.002513909819551338,0.0004816642943373192,0,0.00006235130885076411,0,0,0,0,0,0,0,0,0,0,0,0,0,0,0,0,6.2814024101944396e-6,4.884429203192879e-6,0,0,0.000019537774404551958,0,0,0,0,0,0,0,0,0,0,0,0,0,0,0.000012413697200041936,0,0,0,0,0,0,0,0,0,0,0,0,0,0,0,0,0,0,0,0,0,0,1.157131389994827e-6,0,0,0,0,0,0,0
0.009522932190608648,0.004705274041968539,0.000018518217370107094,0.000025730613041581104,0.002515135291656492,0.005562010321617386,0.010221192300845151,0.001168638208713183,0.010499548183946845,0.015883923100046344,0.009633710459850358,0.00305251098800265,0.0007625511097560045,0.00016630280325976568,0.00044129625501103034,5.0783251219902655e-6,3.989712535788953e-6,0.00004361276192472616,0.00006585315911600133,0,0.014178133942748205,0.0011872878921826713,0.0002466088946437444,0,8.616630716957466e-6,0,1.0303592679822722e-6,0.000017056132717515208,4.116701321588167e-6,4.9270069836249765e-6,1.697835092244986e-7,0,0,0.00003821869568556746,0.000028882990175750108,0,0,0,0,0,0,0,0,0,0,0,0,0,0,0,0,1.9256607962625535e-7,0,0,0,0.000020020240902843465,0.001963946615937186,0.000023259336946315554,0.17585422892936342,0.03422689450491008,0.00018374961360780035,0.012352209365441208,0.00004667433850294036,0,0.000021882266810170042,0,0,0,0.000028650969034234665,6.344017741182421e-6,0,8.476699246529275e-6,0.00001527462799707282,7.147591557252562e-6,1.8241247629955344e-6,5.326816534019942e-6,9.609396333567e-7,0,0,0,1.7690652890911063e-7,0,0,0,0.0005996619730088287,0.0007163764700884021,0.00005489585863660237,6.161430901644829e-7,0,0,0,0,0,0,0,0,0,0,2.5229514343178713e-7,0,0,0,0,0,0,0,0,0,0,0,0,0,0,0,0,0,0,0,0,0,0.000049061856311861836,7.368459158874934e-6,0.011277458162039955,0.00007434869653503209,3.076929615189238e-6,0.0006463908876196313,0,0,0
0.0003249877984143079,0.00007239923034416195,3.2820964574671764e-6,0,0.0002655948830202662,0.0003391890573557066,0.0025006747862151195,0.00791576183963751,0.0160505517087424,0.00041121875516400005,0.003359458936205951,0.025393648069061893,0.0072069292033319216,0.004297145738873252,0.015225749164215383,0.0003513222233656039,0.0002580051346465112,0.0000759772999755929,0.00017981266417082408,0.014178133942748205,0,0.019384766605124667,0.001845252798114699,1.9977572202246437e-6,0.00001765308358719081,4.108079319812343e-6,4.684260492868055e-6,0.000029257872418733566,0.000011531934655518922,7.431971547033969e-6,3.0890620453608323e-6,3.1888463390494747e-6,1.3518489556408227e-6,0.00022377541859207464,0.000349740996781469,0,4.317140602361994e-7,0,0,0,0,5.098654391780503e-6,0,0,6.059618203444661e-6,0,0,0,0,0,0,0,0,0,0,0.00018659182793224712,0.0028342762678632274,0.00008040401206188694,0.2501701440897288,0.00874851224450937,0.00010950570036115572,0.0006665293032466708,0.00012275325107676606,0,0,0,0,0,4.628527122496045e-6,0.000010449362624954925,0.000013039088082849833,0.000019688067984144788,7.0592261802933e-6,0,2.7350499663420178e-6,9.299843206579363e-6,6.39073156697821e-6,0,0.00001956590814467082,0,0,0,0,0,0.0007551686803878353,0.0005592830391994947,0.00010967965796330033,1.8225450183848502e-6,0,0,0,0,0,0,0,0,0,0,0,0,0,0,0,0,0,0,0,0,0,0,0,0,0,0,0,0,0,0,0,0,5.2534784267583e-6,0.00008729551793118538,0.01441309604130088,0.000020747654938205377,1.0793645569017284e-6,0,0,0,9.827743229561983e-7
0.00002336373605474911,0.00003138449319567054,6.422664180142602e-7,0,0.000042840871281775816,0.00008296190073208361,0.000011133558006113477,0.0001544032376664266,0.00023287194384929513,0.0000904256611688801,0.0007223698282945749,0.0013387288310122095,0.015694446613346798,0.01288570203837295,0.006890162127979714,0.001045248521528284,0.009308407557675868,0.02532912734395683,0.002411792656889572,0.0011872878921826713,0.019384766605124667,0,0.009905183120079188,0.0009344905607189873,0.010392817302569878,0.004027050060911951,0.016086640736179793,0.01289298442380727,0.0017667027746177794,0.00033965521344596166,0.0005498282368981677,7.474818242951364e-6,1.481127879187665e-6,0.0028667763961115035,0.006782961562527117,4.066125809891736e-6,0,0,0,0,0,5.691919516731075e-6,0,0,6.927933989722815e-6,0,0,0,0,0,0,0.00005387398217942066,0.00003064296037395557,0,0.000020205645834615785,0.0028763304830878352,0.0000221476929039342,0.020518725940527338,0.1536681542126175,0.01740617088970425,0.003829829976787321,0.0008152023741383067,0.001231206641031831,0.000022581580531308924,0,0,0,0,0,0,0,0,0,0,0,0,1.6643131176121758e-6,0,2.850199094930527e-6,0,0,5.029916803186834e-6,0,0,0.000010255365277272542,0.00008937932831841189,0.0014265698893473262,0.000043868103866801045,0,3.648250299156524e-6,2.4201647141932665e-6,0,0,0,0,0,0,0,0,0,0,0,0,0,0,0,0,0,0,0,0,0,0,0,0,0,0,0,0,0,0,0.003700111318861871,0.0028857463769546956,0,0,0.00021770133746167736,2.293918503696958e-6,0,9.748716448480113e-6
7.465573194488134e-6,2.5640122670677945e-6,0,0,5.107437825154286e-6,0.000015769271618776124,3.0150710225842146e-6,0.00003094498529185302,5.018769371472643e-6,3.1629851834765113e-6,0.00002263090704680864,0.000027247258706477954,0.00012134114525365839,3.6191562547586408e-6,0.000018316110936018593,0.000034161602534604344,0.000026076191682491114,0.00013472371745350546,0.0003427617680886698,0.0002466088946437444,0.001845252798114699,0.009905183120079188,0,0.000028034526094201162,0.0006330885306347755,0.0011133974246400977,0.003155589996469451,0.009412391107468924,0.0021069015529984725,0.0007800804565334898,0.0012647695865672351,0.00009556662570961465,0.0002909795738332488,0.04234197349736885,0.0025992135828741994,0.000026057304093783586,0.00003402941143423859,0.000030029069827771342,0.00003807417177776371,0.000031785589138639764,0,0.004979434961644855,0.000011939421487083939,0.000038481917718569425,0.0013899229781837226,0,0,0,0.00001943066996677521,0.00001503159448498626,2.035144719719463e-6,0.0002129258143418627,0.00004201449759261001,4.340569290689131e-7,0.00007462785927310777,0.0011798633042452934,6.001533153410585e-6,0.01855551756845488,0.03068182661914903,0.0011723761656623611,0.0001305894832575951,5.152794979258429e-6,0.04319964687376164,2.333201775302039e-6,0,0,0,0,0,0,2.944719443519451e-7,3.662768849499197e-6,0,0,0,2.9447204464796757e-7,8.2990972779001e-6,0,0,0,0,0,0,0,0,1.3990105816037435e-6,0.00008447496514426567,0.002097803096076842,0,0,0,0,7.820637105101333e-6,3.189835899220637e-6,0,0,0,0,6.73283455795806e-6,0.0000351377196674317,0,0,0,0,0,2.667628267033799e-6,0,0,0,0,0,0,0,0,0,0,9.927054577742436e-7,0,0,0.000024022087729892437,0,0.004945978056212292,0.0005927321736704117,7.006064215464934e-6,2.5810831142674546e-6,1.4628743175455025e-6,0.0011099520671694148,0,0.00014633456623408815
0,7.027549788099983e-7,1.386032910973945e-7,0,0,0,0.00003481688135478939,0.0019996928637881655,0.00003206271312288363,1.9825045745583995e-7,0,4.989716293333313e-6,0.00014712452422009913,0.0008424374324063437,0.002041768847487399,0.07365956776825042,0.03218296798664052,0.006633266560732572,0.00011180762467651057,0,1.9977572202246437e-6,0.0009344905607189873,0.000028034526094201162,0,0.007706897160132074,0.0038413980366938526,0.04838336592102219,0.00014182539800949935,0.000012976854336622654,0.000029193005831107827,0.0006594333446276905,0.000043840488931928114,0.00003429356801659894,0.00010813919923467788,0.00003117184471963901,0,5.547870321247795e-6,1.6379588230885646e-6,4.7162094027290306e-7,6.164985132723949e-6,0,0.0001379577814663866,5.877534715934863e-6,0.000011637005801815062,5.7191320972353395e-6,0,0,0,7.614425812128989e-7,9.816814233631973e-7,0,0.000023449656878800935,0.00010789434798029027,1.1732213676457954e-6,0.00011127037519062859,0.009525981689210225,0.000053245085519903,0.0008540270576036774,0.0018841028000546188,0.009234522107164867,0.0013868543084620186,0,0.00041485325545321627,0.000011516638061467399,0,0,0,0,0,0,0,0,0,0,0,0,0,0,0,0,0,0,0,0,0,0,0,0,0,0,0,0,0,0,0,0,0,0,0,0,0,0,0,0,0,0,0,0,0,0,0,0,0,0,0,0,0,0,0,0,0,3.2236449756156355e-6,0,0,0,0,0,0,0
8.794840407793406e-7,9.475001775859753e-6,9.374843255836646e-7,0,9.583619461163525e-7,0,0.000036683914214434205,0.0011364425552310767,0.00016733099428699737,0.000023053830347935373,0.000032584301732020735,0.00016897178608857611,0.0006099382702265951,0.0030415939567783254,0.005166541858209462,0.007057516192750222,0.013256927847178806,0.048367845220711476,0.06435505544803528,8.616630716957466e-6,0.00001765308358719081,0.010392817302569878,0.0006330885306347755,0.007706897160132074,0,0.03455692564340415,0.038697324326377576,0.03681436217945141,0.00465292135485602,0.000600574637738422,0.0019495701848642765,0.00008560541683079215,0.000056871308384327506,0.0006877187126645483,0.005890449041165977,1.4201613968100239e-6,2.366327368036204e-6,4.655283065777996e-6,6.251566474064586e-6,5.735736675408569e-7,3.415172881919137e-7,0.00014005541698974315,1.0255339926814645e-6,6.014565222598797e-6,2.4803450366327223e-6,0,0,4.893088885002019e-7,3.2889058739979645e-6,2.2381691776127126e-6,0,0.00006853332160116374,0.000057192719271560895,1.7237492719735835e-6,0.000012879974317387939,0.00892893253672826,0.00003529774949071997,0.004457035651178038,0.0067725195814542965,0.022204885444934284,0.002213206732099023,0,0.00041743186859196903,0.000014275853827268694,0,0,0,0,0,0,0,0,0,0,0,0,0,0,0,0,0,0,0,0.0000158832600093869,0,8.878915727568081e-7,3.5685062396258935e-6,0,0,0,0,0,0,0,0,0,0,0,0,0,0,0,0,0,0,0,0,0,0,0,0,0,0,0,0,0,0,0,0,0,0,1.0756297520753536e-6,4.270846099588375e-7,0,0,0,0,0,0
1.1622695825050884e-6,0.00002415723362317014,3.5133980931426915e-6,0,4.2159711757694833e-7,0,0.00013637824425404103,0.0012920140576622656,0.0002635497863705501,0.000035304951553801004,5.96543604949525e-6,0.000053400381943535844,5.175593883889826e-6,0.00004903691455845192,0.00461748306282185,0.00542746869093814,0.008085844739876695,0.016508220031589665,0.003387907247585082,0,4.108079319812343e-6,0.004027050060911951,0.0011133974246400977,0.0038413980366938526,0.03455692564340415,0,0.12799268961649338,0.018169614052229846,0.0027166389627795067,0.0024840529804836015,0.05164956901653328,0.0025270683774910635,0.002298450574165593,0.00275197834541861,0.0033771170093110374,3.3622247395146376e-6,0.00007505660346484233,0.000034826166989651905,0.00002923911324928931,0.000039974615242605255,5.36888980533763e-6,0.0014736365041726368,0.00007277212492087649,0.000106242365016252,0.00008307719560344508,0,0,0.00002558191359592584,0.000039843743067444596,0.00004727267146035717,5.462256595788099e-6,0.008683412309061368,0.004206094194003352,0.000026930184189627832,0.000560871102451091,0.012855879504929056,0.00004655179451383834,0.0011893600659495308,0.0020164458566133336,0.01058870964734673,0.0008016914710576744,0,0.002325099833366604,0.000022963980788670447,0,0,0,0,0,0,0,0,0,0,0,0,0,0,0,0,0,0,0,0,0,0,5.771641852883826e-7,7.438935853704043e-6,0,0,0,3.6390622376405113e-7,0,0,0,0,0,0,0,0,0,0,0,0,0,0,0,0,0,0,0,0,0,0,0,0,0,0,0,0,0,7.6262369989949246e-6,8.207410326219569e-7,0,0,0,0,0,2.468603280454841e-6
3.642764572325391e-6,0.000014199947771616508,2.9253233574084305e-6,0,6.669070667584497e-7,0,0.00011127430134288588,0.0015077180408187487,0.00009945342557901197,0.000022487071847416776,3.186523069536117e-6,9.444776446570578e-6,0.00003033483915472024,0.0001835973809599658,0.0004038678078425109,0.009017422514139603,0.006749549461094739,0.0332404477855373,0.006879481901621894,1.0303592679822722e-6,4.684260492868055e-6,0.016086640736179793,0.003155589996469451,0.04838336592102219,0.038697324326377576,0.12799268961649338,0,0.05001285599269082,0.005295894412805922,0.001287510592603635,0.05788954928032832,0.0055985420184777495,0.0021584507754491325,0.001869564592935699,0.006100127492841665,2.3086608693532833e-6,0.00006349491010915751,0.00001546960848266173,0.00001891015090091681,0.000024468207357404454,2.3402422372163228e-6,0.001146632494203155,0.00006764415075002386,0.00008854613211098356,0.000216446836865411,0,0,0.00001989487938341461,0.000019530475858437064,0.00004152057568246071,9.08991418876725e-6,0.007642567641284104,0.0027936538437098243,0.00010588750009555204,0.0006094739550802207,0.01877256676790444,0.0003756567224635179,0.009402206547554427,0.018460239740531136,0.012308710261042998,0.0016505244508684444,0,0.011878184727764536,0.00012538561120792622,0,0,0,0,0,0,0,0,0,0,0,0,0,0,0,0,0,0,0,0,0,0,1.6901176002256551e-6,0.000029534406870282673,0,0,0,2.9711883016242396e-7,5.431580761062752e-7,8.072211164714275e-7,0,0,0,0,0,0,0,0,0,0,0,0,0,0,0,0,0,0,0,0,0,0,0,0,0,7.387712492172254e-7,0,0.00008162162427169378,0.000011159037549339654,0,0,0,0.00002397263587868096,0,0.00004251864462816851
8.860921207866433e-6,0.00005982241253364187,7.241949917087614e-6,0,4.51561002410754e-6,0,0.000049204851571971716,0.00033991337019249787,0.0005547197354234128,0.00013954335732310348,0.00009856694580406436,0.00040286274240856624,0.0004598649228885341,0.002566575860709136,0.00536878053071156,0.000724186818863966,0.003496189650610111,0.03303521511203196,0.07319219367557926,0.000017056132717515208,0.000029257872418733566,0.01289298442380727,0.009412391107468924,0.00014182539800949935,0.03681436217945141,0.018169614052229846,0.05001285599269082,0,0.05140725497299631,0.022317727121453888,0.018659573322776405,0.004431491541457443,0.0016752310395812045,0.034786526107108674,0.08981631381582222,0.000018213835134816377,0.00010497485979214822,0.00006307517567712031,0.00007314754439608696,0.000014259331203141924,0,0.0005722293019114596,0.00002742852556374295,0.000026666057258679326,0.000037381792542647585,0,0,1.502389196884024e-6,0.000014181223488838252,3.2012562900301376e-6,1.1067835492321714e-6,0.00278161437390785,0.0008142652482268497,8.555354669055145e-6,0.0009099723182412141,0.012718392911870678,0.00003290178326258737,0.0016373895637538393,0.0015786436304677223,0.011537135686629372,0.0010498134961505702,0,0.0011188724878379316,5.40267432468711e-6,0,0,0,0,0,0,0,0,0,0,0,0,0,0,0,0,0,0,0,0.000016417115908474024,0,0,0,0.00002307083380207248,0,0,0,0,8.526898520455535e-7,0,0,0,0,0,0,0,0,0,0,0,0,0,0,0,0,0,0,0,0,0,0,0,0,0,0,0,0,1.0346568897275804e-6,6.1434055821431965e-6,0,0,0,0,0,3.895948657490085e-6
1.9680622846710114e-7,7.22814711730243e-6,6.743012535750369e-7,0,3.4130029905826924e-7,0,0.000011103662543393936,0.00003318002092292304,0.00008105474175319324,0.000030805516231670205,0.00003513222046988342,0.00015604839679275005,0.00015490182723092136,0.000755127007441754,0.0005940502682361984,0.00006688232784362542,0.00026611024998502895,0.006662771904815391,0.014261882536101783,4.116701321588167e-6,0.000011531934655518922,0.0017667027746177794,0.0021069015529984725,0.000012976854336622654,0.00465292135485602,0.0027166389627795067,0.005295894412805922,0.05140725497299631,0,0.02175818969878557,0.013286356037502405,0.002772978077421885,0.0007346917129995726,0.06386358376202414,0.143587110748907,0.0001388722127932878,0.00006022884728160958,0.000010991813334035379,0.000022170132285369202,9.594402488997758e-6,0,0.00040397706542245394,0.000017968367739120264,0.000020553466732791614,0.000037072052782370665,0,0,0,0.00001866244103181513,2.5391646686709635e-6,3.1964078660045235e-7,0.001133615248981373,0.00031499865064864334,5.188615859581995e-6,0.000259227930872699,0.0012004039340606707,8.85322626262944e-6,0.00006229363492315522,0.000052505393447256444,0.0005596071395075002,0.000022681833696871597,0,0.0004653113947052854,9.319087203224006e-7,0,0,0,0,0,0,0,0,0,0,0,0,0,0,0,0,0,0,0,0,0,0,0,0,0,0,0,0,0,0,0,0,0,0,0,0,0,0,0,0,0,0,0,0,0,0,0,0,0,0,0,0,0,0,0,0,0,0,0,0,0,0,0,0,0
0,5.213990165668279e-6,4.6675562241578437e-7,0,0,5.714924192713402e-7,4.5692430936638e-6,0.000058570709006396186,0.00007013081203552786,0.000012631066592885054,0.000019270197000812517,0.00004347370250282577,0.000027013305630790835,0.00010994866175331321,0.0004921350827791625,0.0002107627989901091,0.00025345370983578873,0.0012257576594675585,0.0015529785319345988,4.9270069836249765e-6,7.431971547033969e-6,0.00033965521344596166,0.0007800804565334898,0.000029193005831107827,0.000600574637738422,0.0024840529804836015,0.001287510592603635,0.022317727121453888,0.02175818969878557,0,0.034223657478227996,0.012827032342349992,0.018471829748917753,0.21380364731727897,0.0451381739439094,0.05563489992348908,0.08222854502789818,0.031756862237209874,0.006962300987871368,0.002394378145392751,0.002235716178254252,0.007258008427159338,0.004455390249335121,0.0005819178596455895,0.000134774244867187,2.6528670743552955e-7,0,4.488759233735124e-6,0.000361848989018963,0.00013631399608251448,1.3878122739163177e-6,0.0004452331435316016,0.00046421484793130813,0.000021700606398258917,0.0006254918228261104,0.0037959110643264534,0.00004683296512814291,0.000038930299273395096,0.000016763945485430713,0.0008675838210571546,0.000011175634639466351,1.0286368282878685e-7,0.0006091976106486967,2.69403080836793e-6,0,0,0,0,0,0,0,0,0,0,0,0,0,0,0,0,0,0,0,0,0,0,0,0,0,0,0,0,0,0,0,0,0,0,0,0,0.000010520051725291823,0,0,0,0,0,0,0,0,0,0,0,0,0,0,0,0,0,0,0,0,0,0,0,0,0,0,0,0
