0,19.0034090694732,17.0017198125699,37.10667826332,20.5500214014271,15.8378262191489,17.4111841005859,36.2440783392961,21.1482410021184,28.9367882264012,31.3521665471276,47.1745805264348,65.100004196175,68.79999160765,51.868992117384,44.5999965668,79.45000457765,86.200050354,113.916659037333,19.1873521300263,28.1585013686646,79.2053496377369,105.276699152725,0,89.80002593995,90.1999664305,50.9500083923,81.6695914890667,109.599960327,0,93.799987793,0,0,112.000007629,102.649982452,0,0,0,0,0,0,0,0,0,0,0,0,0,0,81.4000396729,0,0,0,0,0,39.9259312241037,15.6567733981378,44.76000671388,17.4134425134623,17.8468524702457,34.9520111303241,16.9937357921901,115.00000762945,19.6963849126593,0,0,0,0,0,0,0,0,52.6000022888,0,77.6000442505,0,0,0,0,0,0,0,0,0,23.9999955495333,0,0,0,0,0,0,0,0,0,0,0,0,0,0,0,0,0,0,0,0,0,0,0,0,0,0,0,0,0,0,0,0,0,0,0,0,0,40.18385848635,0,63.9999923706,35.1999988556,0,0,0
19.0034090694732,0,14.9826278938506,16.1255543579259,13.3490045930093,17.1029562692923,20.5046901893776,43.7340826511345,30.9706200985008,18.2933306941983,21.9353219246894,52.2345518578549,70.6293296187946,74.4796710789797,54.983447430493,54.1789672912286,83.8630451699733,86.8170187999744,99.1725793898425,18.51098557664,46.4231717669743,87.2233862631853,109.481677500433,57.9999809265,109.436144698247,96.420198066413,86.5551074185286,108.519050864882,122.657819657143,120.453577070375,100.771430969329,135.60005188,124.000061035,121.830247145367,114.887992223075,0,0,0,0,0,0,118.085710798,0,0,0,0,0,0,102.26667277,0,0,0,0,0,0,59.6777013800586,25.2908032730997,83.2111083136444,27.6448026595197,30.1165533498959,60.0163456217314,25.6829411359315,113.444423251667,32.7125000953625,0,0,0,0,0,0,0,0,0,0,0,0,0,0,0,0,0,0,0,0,26.4000015259,0,0,0,0,0,0,0,0,0,0,0,0,0,0,0,0,0,0,0,0,0,0,0,0,0,0,0,0,0,0,0,0,0,0,0,0,0,59.7999801636,0,0,0,0,0,0
17.0017198125699,14.9826278938506,0,0,30.5419603011118,31.6666603088333,15.5525262642647,39.9975862359556,28.6036928357912,15.3866993944548,33.4294143003588,52.151342531845,57.76666386925,73.7875057856125,53.1283736772041,51.28501205444,77.28143079485,80.4777772691333,102.185286415892,39.14000263214,65.74001083376,85.79998397825,0,130.599960327,100.433316548733,100.464300609743,85.2833264668833,102.206154182708,132.3999542236,123.266670227,99.7999946595,0,0,125.661080678333,105.512535095,0,0,0,0,0,0,122.650009155,0,0,0,0,0,0,0,0,0,0,0,0,0,69.1856989179429,29.0993521067315,102.399993896,49.68333244325,40.9582465188656,64.3999938965,27.999994278,119.933310191,0,0,0,0,0,0,0,0,0,0,0,0,0,0,0,0,0,0,0,0,0,0,0,0,0,0,0,0,0,0,0,0,0,0,0,0,0,0,0,0,0,0,0,0,0,0,0,0,0,0,0,0,0,0,0,0,0,0,0,0,0,0,0,0,0,0
37.10667826332,16.1255543579259,0,0,13.5148190005653,21.2457119987171,45.5222255565333,73.4799987793,43.1516569773333,15.4238113070281,17.700896971208,57.3622243669167,0,0,57.6000175476,0,0,78.2666524251,0,21.4333349863333,0,0,0,0,0,0,0,0,0,0,0,0,0,0,0,0,0,0,0,0,0,0,0,0,0,0,0,0,0,0,0,0,0,0,0,0,0,0,44.2027843263417,50.3271372382391,0,54.8999958038,0,0,0,0,0,0,0,0,0,0,0,0,0,0,0,0,0,0,0,0,0,0,0,0,0,0,0,0,0,0,0,0,0,0,0,0,0,0,0,0,0,0,0,0,0,0,0,0,0,0,0,0,0,0,0,0,0,0,0,0,0,0,0,0,0,0,0
20.5500214014271,13.3490045930093,30.5419603011118,13.5148190005653,0,17.1051928645609,29.1763253753164,51.7382096412923,30.2505950199263,14.4418918454199,17.7364046643555,42.4316390787697,56.6370144395738,64.3015614745484,54.1491512352527,92.3999938965,89.99999809265,73.9716267512538,94.418394429568,14.798820457091,27.6674535902722,78.2640212292703,93.7788866678167,0,99.3333384197333,105.9000091555,84.200012207,109.732562255869,117.7000045775,0,122.000076294,0,0,105.7555736967,117.51998443586,0,0,0,0,0,0,0,0,0,0,0,0,0,108.599945068,0,0,94.8000335693,0,0,0,42.3999977112,29.216760708163,81.6375179293,21.8964596126765,30.2805551314164,40.64999758404,26.7463744285073,119.675003052,0,0,0,0,0,0,0,0,0,0,0,0,0,0,0,0,0,0,0,0,0,0,0,0,147.199859619,0,0,0,0,0,0,0,0,0,0,0,0,0,0,0,0,0,0,0,0,0,0,0,0,0,0,0,0,0,0,0,0,0,54.2000083923,39.0666720072333,0,0,0,0,0,0
15.8378262191489,17.1029562692923,31.6666603088333,21.2457119987171,17.1051928645609,0,29.4902602705985,56.462502002725,46.7256375907846,23.2791014282629,30.3879583163968,59.71476678395,47.05999857585,66.60000228885,59.69999313356,59.3000030518,0,0,0,15.6467867206654,35.8111123701121,72.9980523271737,106.03631610079,0,0,0,0,0,0,111.400004069,0,0,0,104.3809425718,91.6666786557,0,0,0,0,0,0,0,0,0,0,0,0,0,0,0,0,0,0,0,0,0,24.7482766995552,60.4000144003,16.7780883188355,22.2812237759351,23.4000008106325,15.0788764001647,114.4948419975,0,0,0,0,0,0,0,0,0,0,0,0,0,0,0,0,0,0,0,0,0,13.7333250045667,0,0,0,0,0,0,0,0,0,0,0,0,0,0,0,0,0,0,0,0,0,0,0,0,0,0,0,0,0,0,0,0,0,0,0,0,0,13.7555540932667,0,0,15.7333310445,0,0,24.86666997275
17.4111841005859,20.5046901893776,15.5525262642647,45.5222255565333,29.1763253753164,29.4902602705985,0,18.0077515016435,20.8665744224505,28.4447887396038,34.0317676642866,39.2701105626652,52.4326230821143,58.446032169881,35.369427822292,28.6117343386393,53.6927188915396,72.8816630999,88.3499817318083,25.9566881275831,28.711735940028,78.471477028225,96.9999847411667,42.0166629155583,67.6427345275923,71.6313480500743,66.4758724280107,88.2233125897,103.176713767011,109.08664932254,84.7422736697792,96.8857317244,107.79999033605,99.97350703773,93.3233341314846,0,111.477779812333,121.290936557,0,0,0,100.571565805085,116.199970245,137,136.099945068,0,0,0,0,0,0,0,0,0,0,43.8289737350299,18.7930875505509,47.6000026703,23.2987793802728,31.0414442073592,45.704763412481,32.7637683149565,96.1469700669182,0,0,0,0,0,0,60.9000053406,72.40001678465,64.6000061035,60.3999977112,0,0,0,0,0,0,0,0,0,0,0,31.5000066757,50.9999885559,0,0,0,0,0,0,0,0,0,0,0,0,0,0,0,0,0,0,0,0,0,0,0,0,0,0,0,0,0,0,0,0,0,0,59.09999465945,0,50.6850036620929,74.8000259399,0,0,0,0,0
36.2440783392961,43.7340826511345,39.9975862359556,73.4799987793,51.7382096412923,56.462502002725,18.0077515016435,0,24.1969438977463,44.9657884718557,38.0708398107158,33.9254415172986,30.8182743055035,32.8792273915408,23.277959106862,14.2833768187498,29.2740609918486,50.7552527420174,71.8833660811907,37.0070195808205,29.5611018402108,45.2953911220533,71.0078958864593,22.8849533273321,36.4020455285523,49.2941332061515,45.7862899510062,62.3521734412783,83.9864231699719,86.1784120119952,63.4760670290556,80.6397518007303,88.1881200790611,78.2686150002063,74.2698438371905,0,93.71666234334,104.358272552525,93.9035583496143,100.48101287846,0,81.0790467201294,97.8780805557889,95.947527313075,94.1333367484,0,0,0,93.1666895548333,0,0,65.7798553042833,73.8000335693,0,62.4666646321667,17.6865300573393,16.8323583551995,33.4974571638345,22.3452659995705,21.7112789700423,32.0493487894343,39.9416656494167,67.884703257993,53.5703059572136,0,0,0,0,0,0,0,71.4000320435,0,0,0,0,0,0,63.6000137329,0,0,0,0,0,0,33.366668542225,0,0,0,0,0,0,0,0,0,0,0,0,0,0,0,0,0,0,0,0,0,0,0,0,0,0,0,0,0,0,0,0,0,0,0,97.3999900818,49.8855587429556,0,0,0,0,0,0
21.1482410021184,30.9706200985008,28.6036928357912,43.1516569773333,30.2505950199263,46.7256375907846,20.8665744224505,24.1969438977463,0,26.0913049951735,21.8210723843271,23.4173034606114,30.491015415525,35.3713862303056,21.8509241780232,30.0137415510852,45.3963128498516,48.6019888546929,66.4520436199386,26.3598219052321,25.5726843950422,60.285483093121,89.4861157734875,50.7999990150429,67.8657136796759,66.4325668828448,69.6361940348417,76.4105439433242,92.1270357339895,96.4561500624872,79.6576211006911,91.2723205979308,97.3376741458538,94.274973277209,86.2864231133161,99.0999984741,117.61269611,123.706616211,109.933327993,0,105.599998474,96.2818339835308,0,0,112.299995422,0,0,129.600082397,0,0,0,122.200042725,0,0,67.3999862671,26.7572652903875,21.2599584700754,50.3874953587833,23.5461470780583,32.126976636196,45.2592382038,43.726343223025,81.5116689046167,64.39996910095,0,0,0,0,0,0,81.9999923706,80.9999847412,0,0,0,0,0,0,71.3200073242,0,0,0,0,0,36.12000885008,33.9212149417818,0,0,0,0,0,0,0,0,0,0,0,0,119.799987793,0,0,0,0,0,0,0,0,0,0,0,0,0,0,0,0,0,0,0,0,0,0,0,53.43194853885,0,0,43.2000045776,105.200027466,0,0
28.9367882264012,18.2933306941983,15.3866993944548,15.4238113070281,14.4418918454199,23.2791014282629,28.4447887396038,44.9657884718557,26.0913049951735,0,15.9724748715818,35.7505229685645,58.8766459124752,61.1004571533121,49.209388736671,55.3743434850783,78.883539309871,77.5357672043864,93.327710154991,20.4759637443168,36.5991770172764,86.4703041236859,102.292844499871,109.200019836,101.264744170997,97.167619405231,85.1702472358857,106.61946343329,118.181980818909,123.126720847017,109.472227944208,0,0,119.53528394642,111.64991418456,0,150.133209229,0,0,0,0,130.499988132,0,0,0,0,0,0,118.828587123,0,0,0,0,0,0,62.1255494604759,34.5930767246771,68.9273468241667,35.1242174553912,42.3976648003145,58.3882123829333,41.391012405191,101.122203403033,0,0,0,0,0,0,0,0,0,0,0,0,0,0,0,0,0,0,0,0,0,34.8999977112,57.5,0,0,0,0,0,0,0,0,0,0,0,0,0,0,0,0,0,0,0,0,0,0,0,0,0,0,0,0,0,0,0,0,0,0,0,57.9999961853,58.0500035967143,0,0,0,0,0,0
31.3521665471276,21.9353219246894,33.4294143003588,17.700896971208,17.7364046643555,30.3879583163968,34.0317676642866,38.0708398107158,21.8210723843271,15.9724748715818,0,19.8971746481553,34.5051306802285,41.2737576695013,37.2053348180747,53.849988222125,74.0166734854375,64.6442185902946,70.5930802170778,18.9022589760101,20.2722321713696,60.8926636730784,81.7652601544812,0,90.1435419070973,93.3727306019818,86.1333389282333,95.2160292589671,104.408179629562,110.760967090741,105.1458148955,98.700012207,0,104.282794400911,93.7758127750523,0,0,0,0,0,0,129.600006104,0,0,0,0,0,0,106.200012207,0,0,0,0,0,0,55.9748535651944,30.5738176787892,53.2407348067667,27.1979063046132,41.8781232453652,53.5526723802129,49.4214304061071,99.512508392425,0,0,0,0,0,0,0,0,0,0,0,0,0,0,0,0,0,0,0,0,0,39.29999637605,0,0,0,0,0,0,0,0,0,0,0,0,0,0,0,0,0,0,0,0,0,0,0,0,0,0,0,0,0,0,0,0,0,0,0,0,0,53.46666526795,0,0,0,0,0,0
47.1745805264348,52.2345518578549,52.151342531845,57.3622243669167,42.4316390787697,59.71476678395,39.2701105626652,33.9254415172986,23.4173034606114,35.7505229685645,19.8971746481553,0,18.1885603334033,23.3173159249833,26.6079302845712,41.2154820504189,50.0381178391017,44.1130645272781,52.7651414390132,28.0233580563596,19.3214383883092,49.0784336000257,69.7047577449286,43.53332964575,68.0513454072419,67.8538203019346,82.2083358764667,73.356048969889,84.4715793701333,92.1040655920333,85.0743584266231,100.533340454133,101.69998550425,90.48761560883,75.87577382636,0,0,0,0,0,0,119.399971008,0,0,0,0,0,0,0,0,0,91.1999740601,0,0,0,34.486600952778,33.0147707935358,54.8428628104,27.6041817712408,41.6835653439332,55.9108720668426,79.09998321535,78.2666702270667,77.0000076294,0,0,0,0,0,0,0,0,0,0,0,0,0,0,0,0,0,0,0,0,36.5999946594,45.09999465945,0,117.399940491,0,0,0,0,0,0,0,0,0,0,0,0,0,0,0,0,0,0,0,0,0,0,0,0,0,0,0,0,0,0,0,0,63.3999938965,0,58.2000033060667,0,0,0,0,0,0
65.100004196175,70.6293296187946,57.76666386925,0,56.6370144395738,47.05999857585,52.4326230821143,30.8182743055035,30.491015415525,58.8766459124752,34.5051306802285,18.1885603334033,0,14.7401766866823,23.473881911933,30.2437997636343,34.8002100971831,21.6187335086745,27.0238548277345,36.5963026886729,19.8318979936133,24.3368052828408,49.5462790205093,41.07541217946,41.8558428599781,64.1166725158667,41.40667031605,55.4917071176104,69.3356869670148,79.928632051016,65.5250053406,0,0,67.0215580069225,52.2220574236494,0,0,0,0,0,0,0,0,0,0,0,0,0,0,0,0,0,0,0,0,34.9197327877274,38.089998531345,36.6526965094555,20.484521360492,34.3308690566372,41.6765895161813,65.04498958585,72.5083260536188,65.6000366211,0,0,0,0,0,0,0,0,0,0,0,0,0,0,0,0,0,0,0,0,0,0,0,0,0,0,0,0,0,0,0,0,0,0,0,0,0,0,0,0,0,0,0,0,0,0,0,0,0,0,0,0,0,0,0,0,0,0,0,0,0,0,0,0,0
68.79999160765,74.4796710789797,73.7875057856125,0,64.3015614745484,66.60000228885,58.446032169881,32.8792273915408,35.3713862303056,61.1004571533121,41.2737576695013,23.3173159249833,14.7401766866823,0,26.4504872338519,35.4434047223414,40.7295177968011,22.6043930852039,27.0220875323513,45.400855084,23.3847626854908,21.5742649311526,67.62000045776,47.0543187398112,38.8010973608134,54.2291960074609,57.8606421823545,48.312117064576,59.7933473313122,72.1344168905704,64.65999755858,84.80002212525,0,66.6525835097982,52.6703571463434,0,0,0,0,0,0,0,0,0,0,0,0,0,0,0,0,0,0,0,0,39.9964243628295,43.2228579869314,45.1347224523143,28.6159882361725,43.0404122253187,52.7251581576613,99.3999786377,65.1865073612833,65.79999923705,0,0,0,0,0,0,0,0,0,0,0,0,0,0,0,0,0,0,0,0,0,0,0,0,0,0,0,0,0,0,0,0,0,0,0,0,0,0,0,0,0,0,0,0,0,0,0,0,0,0,0,0,0,0,0,0,0,61.8000221252,65.4000091553,0,0,0,0,0,0
51.868992117384,54.983447430493,53.1283736772041,57.6000175476,54.1491512352527,59.69999313356,35.369427822292,23.277959106862,21.8509241780232,49.209388736671,37.2053348180747,26.6079302845712,23.473881911933,26.4504872338519,0,23.9789141046322,22.1881173655563,23.0165866535367,40.8200793895652,42.9906729053599,24.8869972089772,28.5220589224053,66.2449294933478,31.9566188090663,33.6321067924415,39.9672675493319,48.0849031420977,51.3276631703097,67.7968022727805,74.3898859775159,56.803526274234,72.9766659858872,79.381907819017,69.3019355102648,64.5013246482431,78.8333409627333,81.6666696335556,97.1090464158125,88.0902750227166,88.2458368937375,0,73.9720395676148,81.4231197331,99.8000259398,93.2000045776,0,0,0,82.8000411987,0,0,67.6666590372667,40.0666732788,0,54.8000030518,22.4565268698002,29.5295417254476,32.7701558883507,20.6989528751983,27.6545620013608,37.3857379886505,0,57.1425912030617,50.8226405098393,0,0,0,0,0,0,0,0,0,0,0,0,0,0,65.3999557495,0,0,0,0,0,0,35.6090932326,42.7000045776,0,0,0,0,0,0,0,0,0,0,0,0,0,0,0,0,0,0,0,0,0,0,0,0,0,0,0,0,0,0,0,0,0,0,0,49.3666625745455,0,0,0,0,0,0
44.5999965668,54.1789672912286,51.28501205444,0,92.3999938965,59.3000030518,28.6117343386393,14.2833768187498,30.0137415510852,55.3743434850783,53.849988222125,41.2154820504189,30.2437997636343,35.4434047223414,23.9789141046322,0,16.5204493470159,30.6109505327311,52.8776722925207,52.850024223325,34.2177641993297,30.9307334951158,64.9719073159321,14.9125019658093,24.0588987107143,39.2008461276731,31.7164452709578,48.4809092800437,69.8415178690306,73.1462434474679,52.8302832648882,69.1593216889774,74.7317557736159,68.1952848908524,61.2372469939227,72.26666895545,81.3639242134824,88.8892653328571,88.9122730504737,86.6000070816154,97.9499984741,73.2448643992034,82.231448510555,85.1168487407833,84.4653094544857,0,0,0,88.1833394368167,100.200027466,0,56.2765519168182,54.0818194475909,100.399917603,45.7888810899333,19.7392617383829,22.507991514686,35.3208592513853,25.5563576037293,24.0449210967279,35.7637349441949,0,65.5575277997068,53.533333714805,0,0,0,0,0,0,0,0,0,0,0,0,0,0,0,0,0,0,0,0,0,49.0000076294,36.40001297,100.200057983,0,0,0,0,0,0,0,0,0,0,0,0,0,0,0,0,0,0,0,0,0,0,0,0,0,0,0,0,0,0,0,0,0,0,0,0,0,0,0,0,0
79.45000457765,83.8630451699733,77.28143079485,0,89.99999809265,0,53.6927188915396,29.2740609918486,45.3963128498516,78.883539309871,74.0166734854375,50.0381178391017,34.8002100971831,40.7295177968011,22.1881173655563,16.5204493470159,0,24.7552603979284,34.3769162275613,68.8500099182,42.9154499700492,31.155696361309,46.6458868812118,19.5911494256473,17.9708076263106,19.6003939304112,23.5542897315183,31.2475463903235,52.1386435256909,61.3102395740905,32.7273800535337,57.269006854112,62.6414075493029,55.3769019550642,50.2215087090289,87.6749801636,82.7222179836667,81.8658518683182,81.18132832846,86.175003051825,0,63.3900865642905,85.4880821591667,66.5499706268,119.799934387,0,0,0,56.8000221252,0,0,42.2166646321667,45.0333366394,0,20.250001986825,23.5019911547917,46.9474469800433,34.799350707631,27.7558333870762,32.8326643793624,42.8956269447085,58.8000068665,56.2046547632824,56.3600345142292,142.600006104,0,0,0,0,0,0,0,0,0,0,0,0,0,73.0000076294,0,0,0,0,0,0,46.1999855042,37.7999954224,0,0,0,0,0,0,0,0,0,0,0,0,0,0,0,0,0,0,0,0,0,0,0,0,0,0,0,0,0,0,0,0,0,0,50.6000061035,55.0799926758,77.3999938965,0,0,0,0,0
86.200050354,86.8170187999744,80.4777772691333,78.2666524251,73.9716267512538,0,72.8816630999,50.7552527420174,48.6019888546929,77.5357672043864,64.6442185902946,44.1130645272781,21.6187335086745,22.6043930852039,23.0165866535367,30.6109505327311,24.7552603979284,0,16.3537551113435,68.6724666736722,53.5034518517333,19.9913919533889,40.3970137039812,34.3566851830146,25.1634483044653,25.8411834775045,38.4487163489276,28.0542139309112,39.502988828192,51.6835569797497,38.9798337436111,68.97199928286,78.550022125175,47.8188294241489,36.4561980894594,77.5249938965,76.9000396729,0,91.4000015259,0,0,68.6000010172667,0,103.200004578,89.9999694824,0,0,0,0,0,0,57.4888862327444,47.4648164961111,74.4000091553,52.01666825615,33.0634600660379,58.4268191250927,38.1993497832349,26.3213606680942,40.6237746881452,47.5691059699979,0,60.2696081953297,64.2146200408333,0,0,0,0,0,0,0,0,0,0,0,0,0,0,0,0,0,0,0,15.23334566755,0,0,47.7999801636,57.7333730062,0,0,0,0,0,0,0,0,0,0,0,0,0,0,0,0,0,0,0,0,0,0,0,0,0,0,0,0,0,0,0,0,0,64.0499954224,72.5333709716667,0,0,0,0,0,77.9999847412
113.916659037333,99.1725793898425,102.185286415892,0,94.418394429568,0,88.3499817318083,71.8833660811907,66.4520436199386,93.327710154991,70.5930802170778,52.7651414390132,27.0238548277345,27.0220875323513,40.8200793895652,52.8776722925207,34.3769162275613,16.3537551113435,0,76.9632646600464,55.2285537781838,18.3360967594574,19.8276414561098,42.6425661056692,15.9391799664149,25.2405869064303,30.7577849243625,15.8734955059669,20.7040662653633,25.285511036352,27.0736592457577,24.5777701978333,51.6666971842333,23.2015331242355,18.0126839576845,35.0000114441,0,0,0,0,0,38.6000137329,0,0,0,0,0,0,0,0,0,36.0333360566167,37.5814839822333,0,39.4000043869,31.0904699219258,66.17143314907,27.9731450910178,33.2113710372508,42.381044194014,43.3567755932423,0,52.2484338909971,0,0,0,0,0,0,0,0,0,0,0,0,0,0,0,0,19.3999900818,22.0000114441,0,0,10.9999895096,0,0,0,0,0,0,0,0,0,0,0,0,0,0,13.8000049591,0,0,0,0,0,0,0,0,0,0,0,0,0,0,0,0,0,0,0,0,0,0,45.2000045776,0,0,0,0,0,0,0
19.1873521300263,18.51098557664,39.14000263214,21.4333349863333,14.798820457091,15.6467867206654,25.9566881275831,37.0070195808205,26.3598219052321,20.4759637443168,18.9022589760101,28.0233580563596,36.5963026886729,45.400855084,42.9906729053599,52.850024223325,68.8500099182,68.6724666736722,76.9632646600464,0,19.7991521669293,59.9003265756286,85.7478283658073,0,93.6992393026643,0,95.79999160765,99.2016069609724,107.169236012023,115.90902243725,118.000015259,0,0,98.2322710573788,83.8992281914568,0,0,0,0,0,0,0,0,0,0,0,0,0,0,0,0,110.800041199,0,0,0,50.9690462748143,24.9947418667519,86.7255396871762,15.3748980799213,30.0768245173902,41.67575567476,17.5264925503651,107.462800462892,0,27.49999923706,0,0,0,15.7333348592,27.29999828335,0,33.3999967575,41.2611034181333,31.50000190735,36.0000038147,42.1333452860667,49.6000099182,0,0,0,115.600013733,0,0,0,14.1795239236667,21.5709223907005,52.0871145750867,87.59998321535,0,0,0,0,0,0,0,0,0,0,96.8000030518,0,0,0,0,0,0,0,0,0,0,0,0,0,0,0,0,0,0,0,0,0,28.620834271125,43.874997138975,17.0822007603742,39.06733220418,39.19999694825,16.7813759216778,0,0,0
28.1585013686646,46.4231717669743,65.74001083376,0,27.6674535902722,35.8111123701121,28.711735940028,29.5611018402108,25.5726843950422,36.5991770172764,20.2722321713696,19.3214383883092,19.8318979936133,23.3847626854908,24.8869972089772,34.2177641993297,42.9154499700492,53.5034518517333,55.2285537781838,19.7991521669293,0,32.3250538481632,59.6686419428323,34.4000015259,64.4318163553909,83.1000010172666,87.0071466990875,82.8739250523333,91.6791669209583,96.0454500949375,95.83124351515,94.3199676512,102.4333453708,71.727898642153,55.8222075670322,0,74,0,0,0,0,91.356253623875,0,0,94.726415470775,0,0,0,0,0,0,0,0,0,0,34.693275856369,21.2229429219056,60.6241919195394,13.0869699054449,30.320046914617,41.5581729614765,36.3726219359778,86.9980643499966,0,0,0,0,0,22.5999984741,33.6333338419667,44.6583372752,34.65199684144,36.6000150044667,0,29.3999900818,42.1833457946667,38.4666639964,0,34.76000347137,0,0,0,0,0,18.641004906581,14.6824685684394,25.4288898134933,80.5333353678333,0,0,0,0,0,0,0,0,0,0,0,0,0,0,0,0,0,0,0,0,0,0,0,0,0,0,0,0,0,0,0,0,30.000005722,19.4714306033286,15.4589841507055,33.7555592855,46.799987793,0,0,0,84.9500312805
79.2053496377369,87.2233862631853,85.79998397825,0,78.2640212292703,72.9980523271737,78.471477028225,45.2953911220533,60.285483093121,86.4703041236859,60.8926636730784,49.0784336000257,24.3368052828408,21.5742649311526,28.5220589224053,30.9307334951158,31.155696361309,19.9913919533889,18.3360967594574,59.9003265756286,32.3250538481632,0,23.7632551988045,37.5715797798081,25.5730244834167,27.5508856696126,31.5305128998992,22.6747283071966,28.6403491458266,30.9920437880218,30.8953261117523,53.3520059204,56.5000114441,25.4105337387223,17.9552313236615,34.1000022888,0,0,0,0,0,64.4466639201,0,0,61.2666717529333,0,0,0,0,0,0,38.0537312857471,35.13374524115,0,32.4500001271333,27.6472473890017,56.5882413527588,24.7251106435008,14.5906467182796,33.4859818071862,37.7366954133824,45.0231302582964,43.7314634312768,52.17222065395,0,0,0,0,0,0,0,0,0,0,0,0,53.3000106812,0,28.7999820709,0,0,37.5500087738,0,0,48.012492179875,23.5679018232444,13.3160426839545,23.2142888932,0,36,44.2000083923,0,0,0,0,0,0,0,0,0,0,0,0,0,0,0,0,0,0,0,0,0,0,0,0,0,0,0,0,0,0,21.5817265436017,18.8340918889156,0,0,37.2824335571745,45.3999967575,0,58.266658782975
105.276699152725,109.481677500433,0,0,93.7788866678167,106.03631610079,96.9999847411667,71.0078958864593,89.4861157734875,102.292844499871,81.7652601544812,69.7047577449286,49.5462790205093,67.62000045776,66.2449294933478,64.9719073159321,46.6458868812118,40.3970137039812,19.8276414561098,85.7478283658073,59.6686419428323,23.7632551988045,0,53.5454614119091,35.4215231456,34.1110422523825,34.9877131362275,28.2969084846599,32.4594002262057,32.2878657497292,32.8975375499123,37.5503611328839,34.9095454587949,16.7131965183102,21.6637523906503,19.050004005425,37.2749951226429,36.583338631525,43.8728079210316,37.591658274325,0,14.3709147353718,19.9000043869,24.7857156480857,17.8818881297607,0,0,0,29.1833368937333,33.17999458312,48.20001411435,37.6982024759767,41.0857156723238,73.8000183105,28.6989493870231,33.0151609747891,71.560009193425,18.1196785675426,17.180875334843,40.2145774827091,42.7598724942325,100.466141998411,16.9079635166744,55.1333389282333,0,0,0,0,0,0,89.5999679565,84.2599899292,0,0,0,89.5999526978,79.1636352539,0,0,0,0,0,0,0,0,71.199991862,26.9744426303267,13.2164039590625,0,0,0,0,45.9999933878667,38.4999923706,0,0,0,0,26.49999809265,23.2000020345,0,0,0,0,0,42.1000061035,0,0,0,0,0,0,0,0,0,0,48.7999763489,0,0,37.11833267214,0,20.7983083819684,28.1726113295341,41.07501792905,42.8000049591,40.2000236511,19.1399997419747,0,16.5722247583
0,57.9999809265,130.599960327,0,0,0,42.0166629155583,22.8849533273321,50.7999990150429,109.200019836,0,43.53332964575,41.07541217946,47.0543187398112,31.9566188090663,14.9125019658093,19.5911494256473,34.3566851830146,42.6425661056692,0,34.4000015259,37.5715797798081,53.5454614119091,0,19.0896626957822,28.4693825877988,17.2443866259315,46.9072288096361,63.3076863215538,70.8575699276292,43.1763610039784,60.5545217059857,62.1323089893,60.2410156929019,54.3852172519826,0,74.42834154765,84.94998931885,70.8000030518,70.605002975475,0,61.2602511351983,69.4740853486222,71.2654768171875,70.4296249107,0,0,0,78.80000305175,69.4000091553,0,43.7661526313231,24.3227317983364,77.75001144405,15.2874969244,19.2874921159843,39.9798630608417,36.829179297626,32.1544529069644,31.8518483853129,42.9266742998543,0,57.3416877742461,59.07332522075,0,0,0,0,0,0,0,0,0,0,0,0,0,0,0,0,0,0,0,0,0,0,0,0,0,0,0,0,0,0,0,0,0,0,0,0,0,0,0,0,0,0,0,0,0,0,0,0,0,0,0,0,0,0,0,0,0,66.3333358765,0,0,0,0,0,0,0
89.80002593995,109.436144698247,100.433316548733,0,99.3333384197333,0,67.6427345275923,36.4020455285523,67.8657136796759,101.264744170997,90.1435419070973,68.0513454072419,41.8558428599781,38.8010973608134,33.6321067924415,24.0588987107143,17.9708076263106,25.1634483044653,15.9391799664149,93.6992393026643,64.4318163553909,25.5730244834167,35.4215231456,19.0896626957822,0,19.3656368087783,30.4626888502768,16.4364276360284,25.3018474446622,41.7116583835302,29.7320013075645,43.6519589919,53.5559530048654,41.3751009983028,22.5854313806199,57.7000198364,44.6999874115,74.74000320435,72.76112535265,64.2000274658,83.2000274658,49.3016105702591,67.9000015259,65.75428194318,69.0333213806,0,0,98.2999420166,59.9499874115,65,0,45.11333479564,38.5754227082,74.0666605631333,44.933335701625,28.6906512564095,64.4394986343475,37.2285796437094,28.2112354214474,42.4617753509191,48.7510341402592,0,56.4163744457408,61.7152777777917,0,0,0,0,0,0,0,0,0,0,0,0,0,0,0,0,0,0,0,12.2000045776,0,51.6000175476,36.4000167847,0,0,0,0,0,0,0,0,0,0,0,0,0,0,0,0,0,0,0,0,0,0,0,0,0,0,0,0,0,0,0,0,0,0,66.29998207095,74.3999862671,0,0,0,0,0,0
90.1999664305,96.420198066413,100.464300609743,0,105.9000091555,0,71.6313480500743,49.2941332061515,66.4325668828448,97.167619405231,93.3727306019818,67.8538203019346,64.1166725158667,54.2291960074609,39.9672675493319,39.2008461276731,19.6003939304112,25.8411834775045,25.2405869064303,0,83.1000010172666,27.5508856696126,34.1110422523825,28.4693825877988,19.3656368087783,0,15.1947038566759,24.3177790908255,35.2021223761188,32.1783548666231,15.1264854408966,25.4984465155408,30.9115006233599,30.962741537494,28.9470184158721,37.5000152588,44.8978298341364,50.7888963402533,51.6540867474571,45.4958404611667,51.4000091553,34.1743545188853,44.149207616172,51.6739397435471,45.8885951506769,0,0,65.19919269548,46.854425036719,41.83682954275,72.0666592916,18.2323410835854,18.2718929279558,56.2161895388571,26.1309856404149,24.8976464699746,59.6225604729607,35.1332996794541,28.7495527033601,39.3431289742615,46.4919938821263,0,41.4771773028089,60.8775939039539,0,0,0,0,0,0,0,0,0,0,0,0,0,0,0,0,0,0,0,0,0,0,64.0000228882,43.6666660309,0,0,0,80.6000061035,0,0,0,0,0,0,0,0,0,0,0,0,0,0,0,0,0,0,0,0,0,0,0,0,0,0,0,0,0,70.4262653697667,75.89999389645,0,0,0,0,0,53.60000038145
50.9500083923,86.5551074185286,85.2833264668833,0,84.200012207,0,66.4758724280107,45.7862899510062,69.6361940348417,85.1702472358857,86.1333389282333,82.2083358764667,41.40667031605,57.8606421823545,48.0849031420977,31.7164452709578,23.5542897315183,38.4487163489276,30.7577849243625,95.79999160765,87.0071466990875,31.5305128998992,34.9877131362275,17.2443866259315,30.4626888502768,15.1947038566759,0,29.178160008815,39.5439661868708,39.0855361839338,19.7121560476918,31.1980758888117,33.6037754953658,35.9840098838737,32.9647180109006,31.9999828339,46.4701802190474,50.96999791462,63.2495308104143,55.60370484105,63.5666618347,42.2792468731993,51.5372793084956,52.1849299329675,42.708314302522,0,0,60.6931960955786,51.6041636996917,28.2333330313417,68.4204895383,17.5613439890406,20.1121022527151,43.5629148848386,23.3032373403797,24.7137618178836,47.3324770266044,27.8285309486969,26.4645863108839,36.7609272414583,43.7443597199613,0,32.7801881898108,45.54097331365,0,0,0,0,0,0,0,0,0,0,0,0,0,0,0,0,0,0,0,0,0,0,37.3999786377,42.9071439743072,0,0,0,89.1999740601,93.30001068135,93.7333602904,0,0,0,0,0,0,0,0,0,0,0,0,0,0,0,0,0,0,0,0,0,0,0,0,0,79.9999694824,0,57.4618528280818,69.80400883992,0,0,0,48.6494060811625,0,34.1703760005944
81.6695914890667,108.519050864882,102.206154182708,0,109.732562255869,0,88.2233125897,62.3521734412783,76.4105439433242,106.61946343329,95.2160292589671,73.356048969889,55.4917071176104,48.312117064576,51.3276631703097,48.4809092800437,31.2475463903235,28.0542139309112,15.8734955059669,99.2016069609724,82.8739250523333,22.6747283071966,28.2969084846599,46.9072288096361,16.4364276360284,24.3177790908255,29.178160008815,0,18.5566906159471,21.2900155171162,22.8884676823208,21.6668706212663,29.7932433146791,21.5270555295658,18.6050821370195,25.474995613125,35.1939902539529,40.6094324732583,40.5989712284364,46.4250001907167,0,36.3027990310928,48.2403518944421,55.7037502288875,53.3465098964308,0,0,88.6999944051333,42.8222328065,54.35000514985,92.43330129,33.4051724752916,33.2590127883407,70.5256438622154,26.4357639774102,28.7506231548995,75.3413925991086,35.9472212731637,38.7172768758409,45.393476879966,50.6893313817794,0,48.9276631446313,72.4629557574111,0,0,0,0,0,0,0,0,0,0,0,0,0,0,0,0,0,0,0,12.0000038147,0,0,0,41.7371347700143,0,0,0,0,91.200012207,0,0,0,0,0,0,0,0,0,0,0,0,0,0,0,0,0,0,0,0,0,0,0,0,0,0,0,0,67.5999908447,58.85000133515,0,0,0,0,0,49.2666689554667
109.599960327,122.657819657143,132.3999542236,0,117.7000045775,0,103.176713767011,83.9864231699719,92.1270357339895,118.181980818909,104.408179629562,84.4715793701333,69.3356869670148,59.7933473313122,67.7968022727805,69.8415178690306,52.1386435256909,39.502988828192,20.7040662653633,107.169236012023,91.6791669209583,28.6403491458266,32.4594002262057,63.3076863215538,25.3018474446622,35.2021223761188,39.5439661868708,18.5566906159471,0,16.710328923489,25.5017840546663,18.0463044432926,29.5298942112941,19.4370770147349,16.313476017481,17.98452363695,30.6925633932182,46.3761982690714,35.7714296068429,38.45001157125,0,41.8299220667466,47.2933375040667,54.6857217152786,60.2898116025136,0,0,0,45.02000961302,52.8500022888,86.0000534058,41.9286388579393,41.637194532574,76.9618915375857,36.614034548436,45.0167148516031,78.368755912775,48.8965541369897,61.8639036204537,60.5547277056329,62.0999996044222,0,56.5754799778409,100.733314514233,0,0,0,0,0,0,0,0,0,0,0,0,0,0,0,0,0,0,0,0,0,0,0,0,0,0,0,0,0,0,0,0,0,0,0,0,0,0,0,0,0,0,0,0,0,0,0,0,0,0,0,0,0,0,0,0,0,0,0,0,0,0,0,0,0
0,120.453577070375,123.266670227,0,0,111.400004069,109.08664932254,86.1784120119952,96.4561500624872,123.126720847017,110.760967090741,92.1040655920333,79.928632051016,72.1344168905704,74.3898859775159,73.1462434474679,61.3102395740905,51.6835569797497,25.285511036352,115.90902243725,96.0454500949375,30.9920437880218,32.2878657497292,70.8575699276292,41.7116583835302,32.1783548666231,39.0855361839338,21.2900155171162,16.710328923489,0,19.4206126999031,16.87996206229,17.2239031016013,15.3865317460712,15.4522817940493,13.7665016159855,15.8869686271215,16.3409278373898,21.857499032687,21.6561001507358,23.4939874845277,25.4977201801038,27.1870758902236,43.2762315515093,45.495387286,94.4000167847,0,64.910006713875,31.8223306240346,28.5501582978389,92.2888971964333,36.5067300132351,35.7525615859906,59.04306178625,37.2943384199979,45.2588733574631,80.3820306958643,52.2747785894784,71.2513252944667,59.5634145298667,74.1618223016909,151.599853516,46.6586481010018,78.3750006358,0,0,0,0,0,0,0,0,0,0,0,0,0,0,0,0,0,0,0,0,0,0,0,0,0,0,0,0,0,0,0,0,0,0,0,0,21.2000007629,0,0,0,0,0,0,0,0,0,0,0,0,0,0,0,0,0,0,0,0,0,0,0,0,0,0,0,0
93.799987793,100.771430969329,99.7999946595,0,122.000076294,0,84.7422736697792,63.4760670290556,79.6576211006911,109.472227944208,105.1458148955,85.0743584266231,65.5250053406,64.65999755858,56.803526274234,52.8302832648882,32.7273800535337,38.9798337436111,27.0736592457577,118.000015259,95.83124351515,30.8953261117523,32.8975375499123,43.1763610039784,29.7320013075645,15.1264854408966,19.7121560476918,22.8884676823208,25.5017840546663,19.4206126999031,0,15.6071292640715,19.7942475972759,22.7233727831213,25.5069936991472,30.2705371696471,30.023718643409,37.1489439751819,37.110603926075,29.2180564329403,39.3603886195636,27.8523187750937,32.0804858103665,41.1071331127081,37.5440944334766,65.5749940149625,74.970842997225,55.7995804053178,29.1024854251929,23.1252415475641,62.27390973696,18.6909856310753,22.9844159843122,44.4066583780717,27.0954368248284,32.0873805375699,58.5091875063404,39.5728595393271,44.6609559013829,46.1216431545665,51.744447022806,0,37.3703154928871,65.0086731332896,0,0,0,0,0,0,0,0,0,0,0,0,0,0,0,0,0,0,0,0,0,0,0,38.7000198364,0,0,0,0,72.000038147,100.599967957,0,0,0,0,0,0,0,0,0,0,0,0,0,0,0,0,0,0,0,0,0,0,0,0,0,0,0,62.1416536967,49.3999786377,0,0,0,0,0,51.0000038147
0,135.60005188,0,0,0,0,96.8857317244,80.6397518007303,91.2723205979308,0,98.700012207,100.533340454133,0,84.80002212525,72.9766659858872,69.1593216889774,57.269006854112,68.97199928286,24.5777701978333,0,94.3199676512,53.3520059204,37.5503611328839,60.5545217059857,43.6519589919,25.4984465155408,31.1980758888117,21.6668706212663,18.0463044432926,16.87996206229,15.6071292640715,0,16.4522360648506,21.1120687321708,23.1868471663471,21.6929038389296,25.9336385244677,26.5058000935107,29.1711252193897,26.4377899643277,37.34100532532,31.3397093159767,36.9508577667711,47.2991602954464,48.409341865955,88.1999969482,0,64.5584379563333,35.9318461533033,31.39017076131,76.616658589225,29.2923620026175,30.6718088339986,56.61818412433,36.8586587936103,42.2959729313442,72.5349519670483,49.271048297775,67.2326943831,55.6751885051445,63.1155554029667,0,49.7795352875356,68.7176525639588,0,0,0,0,0,0,0,0,0,0,0,0,0,0,0,0,0,0,0,0,0,0,0,0,0,0,0,0,0,0,0,0,0,0,0,0,0,0,0,0,0,0,0,0,0,0,0,0,0,0,0,0,0,0,0,0,0,0,0,0,0,0,0,0,0
0,124.000061035,0,0,0,0,107.79999033605,88.1881200790611,97.3376741458538,0,0,101.69998550425,0,0,79.381907819017,74.7317557736159,62.6414075493029,78.550022125175,51.6666971842333,0,102.4333453708,56.5000114441,34.9095454587949,62.1323089893,53.5559530048654,30.9115006233599,33.6037754953658,29.7932433146791,29.5298942112941,17.2239031016013,19.7942475972759,16.4522360648506,0,17.9630820565311,35.5205839018913,19.0974663096794,18.9750644421116,18.9330409702165,20.0389023021577,17.0749501442211,26.9603631364403,23.2765730304296,23.3495769645754,34.7160754928977,32.7621880073919,62.68688937595,72.4479185740125,50.5318186164496,22.0333379505388,19.1494774209836,59.8667538411276,18.452046914434,30.9415397404114,44.7261124259992,33.1004700964095,38.2739913965627,56.4399606668853,44.1690553526306,79.6960534906143,52.5545893001295,54.1766251104778,0,36.1611681265418,60.7195713002177,0,0,0,0,0,0,0,0,0,0,0,0,0,0,0,0,0,0,0,0,0,0,0,0,0,0,0,0,0,0,0,0,0,0,0,0,0,0,0,0,0,0,0,0,0,0,0,0,0,0,0,0,0,0,0,0,0,0,0,0,0,0,0,0,59.3999862671
112.000007629,121.830247145367,125.661080678333,0,105.7555736967,104.3809425718,99.97350703773,78.2686150002063,94.274973277209,119.53528394642,104.282794400911,90.48761560883,67.0215580069225,66.6525835097982,69.3019355102648,68.1952848908524,55.3769019550642,47.8188294241489,23.2015331242355,98.2322710573788,71.727898642153,25.4105337387223,16.7131965183102,60.2410156929019,41.3751009983028,30.962741537494,35.9840098838737,21.5270555295658,19.4370770147349,15.3865317460712,22.7233727831213,21.1120687321708,17.9630820565311,0,15.3031608592893,14.1786668142578,15.7793752162636,17.8455477840592,21.0302562521739,20.3425274523872,20.2939316571046,16.7942628688151,23.0375257194957,34.1771433944264,26.6954990318225,0,0,65.249997139,26.2757146290286,26.3235684394714,60.949986457825,32.9772277591449,39.0113902621844,64.3166580200333,33.0392343749359,39.1540846882025,75.1772511800115,28.4273115269008,47.6014553359303,53.2939668743853,58.0754438567579,111.166629367567,21.7917225922771,69.63333765665,0,0,0,0,0,0,0,0,0,0,0,0,100.000020345,0,0,0,0,0,0,0,0,68,66.5000305176,26.6000022888,0,0,0,0,0,0,0,0,0,0,0,0,0,0,0,0,0,0,0,0,0,0,0,0,0,0,0,0,0,0,0,62.7999839783,0,48.9333521525333,0,0,0,0,0,0,37.0666732788333
102.649982452,114.887992223075,105.512535095,0,117.51998443586,91.6666786557,93.3233341314846,74.2698438371905,86.2864231133161,111.64991418456,93.7758127750523,75.87577382636,52.2220574236494,52.6703571463434,64.5013246482431,61.2372469939227,50.2215087090289,36.4561980894594,18.0126839576845,83.8992281914568,55.8222075670322,17.9552313236615,21.6637523906503,54.3852172519826,22.5854313806199,28.9470184158721,32.9647180109006,18.6050821370195,16.313476017481,15.4522817940493,25.5069936991472,23.1868471663471,35.5205839018913,15.3031608592893,0,14.8095233781071,24.6157662780222,21.3283384641,0,0,27.20000743865,50.4875015258625,0,64.1999893188,53.7866686503,0,0,0,0,0,0,38.4925062437619,38.6487882093955,68.0000228882,35.06267122904,36.0062677650185,76.0285782586571,29.1377752581762,26.8307449330231,46.2989401657155,47.4134415521811,105.333352406675,34.9802699625652,62.9111184014333,0,0,0,0,0,0,0,0,0,0,0,0,0,0,0,0,0,0,0,0,0,0,0,30.6000150044667,0,0,0,0,0,63.999987793,0,0,0,0,0,0,0,0,0,0,0,0,0,0,0,0,0,0,0,0,0,0,0,0,0,0,0,53.46667289735,64.5999832153,0,0,0,0,0,0
0,0,0,0,0,0,0,0,99.0999984741,0,0,0,0,0,78.8333409627333,72.26666895545,87.6749801636,77.5249938965,35.0000114441,0,0,34.1000022888,19.050004005425,0,57.7000198364,37.5000152588,31.9999828339,25.474995613125,17.98452363695,13.7665016159855,30.2705371696471,21.6929038389296,19.0974663096794,14.1786668142578,14.8095233781071,0,13.7345468158181,15.5656573022189,21.4862875403106,25.5707406150056,20.5436082001924,19.0852475884326,23.7560528917212,55.7583324114375,26.3499984741,0,0,0,37.0666777292833,0,0,43.5999832153,0,0,49.7999763489,54.92666460675,0,0,0,72.799987793,0,0,35.574999809275,65.4000396729,0,0,0,0,0,0,0,0,0,0,0,0,0,0,0,0,0,0,0,0,0,0,0,0,0,0,0,0,0,0,0,0,0,0,0,0,11.7999887466,11.1999998093,0,0,0,0,0,0,0,0,0,0,0,0,0,0,0,0,0,0,0,0,0,0,0,0,0,0,0
0,0,0,0,0,0,111.477779812333,93.71666234334,117.61269611,150.133209229,0,0,0,0,81.6666696335556,81.3639242134824,82.7222179836667,76.9000396729,0,0,74,0,37.2749951226429,74.42834154765,44.6999874115,44.8978298341364,46.4701802190474,35.1939902539529,30.6925633932182,15.8869686271215,30.023718643409,25.9336385244677,18.9750644421116,15.7793752162636,24.6157662780222,13.7345468158181,0,15.4647998256448,16.6854099192064,19.9701919314931,14.3846108394836,17.1924726862366,17.587553236,42.0926326283184,39.1083404223,0,0,62.1333325704,24.323402526008,25.8044485198067,76.9999847412,35.7916673501312,44.0342870984571,58.5499954224,58.0999984741333,60.453888646444,87.50001144405,0,0,66.8813206690533,68.0000228882,0,47.4145892222775,74.7333424886,0,0,0,0,0,0,0,0,0,0,0,0,0,0,0,0,0,0,0,0,0,0,0,0,0,0,0,0,0,0,0,0,0,0,0,0,12.5999965668,0,10.1999998093,0,11.6000032425,0,0,0,0,0,0,0,0,0,0,0,0,0,0,0,0,0,0,0,0,0,0,0,0
0,0,0,0,0,0,121.290936557,104.358272552525,123.706616211,0,0,0,0,0,97.1090464158125,88.8892653328571,81.8658518683182,0,0,0,0,0,36.583338631525,84.94998931885,74.74000320435,50.7888963402533,50.96999791462,40.6094324732583,46.3761982690714,16.3409278373898,37.1489439751819,26.5058000935107,18.9330409702165,17.8455477840592,21.3283384641,15.5656573022189,15.4647998256448,0,15.6311519340324,19.5939436675809,18.7991119636243,24.7549373782021,21.0213745060827,45.5192645562132,49.1950686672211,0,0,67.908334732025,32.1904719683542,24.1615423544923,0,42.58917897542,54.16665796916,0,60.6666507721,62.9990004742343,85.86668268835,61.0833320617667,57.5999755859,71.7111225128,95.85998458855,0,53.7282493009204,0,0,0,0,0,0,0,0,0,0,0,0,0,0,0,0,0,0,0,0,0,0,0,0,0,0,0,0,0,0,0,0,0,0,0,0,0,14.0000066757,0,0,0,0,0,0,0,0,0,0,0,0,0,0,0,0,0,0,0,0,0,0,0,0,0,0,0,0
0,0,0,0,0,0,0,93.9035583496143,109.933327993,0,0,0,0,0,88.0902750227166,88.9122730504737,81.18132832846,91.4000015259,0,0,0,0,43.8728079210316,70.8000030518,72.76112535265,51.6540867474571,63.2495308104143,40.5989712284364,35.7714296068429,21.857499032687,37.110603926075,29.1711252193897,20.0389023021577,21.0302562521739,0,21.4862875403106,16.6854099192064,15.6311519340324,0,15.5293286215486,16.5405535171801,23.1121147646459,17.7428702262002,40.2175952112933,42.4799791108622,81.1999511719,0,58.1519351089211,26.2067621559037,29.1394011368778,69.4694298638333,36.7883193189976,49.8493220585929,61.4893738701214,66.5666567484667,60.5129489830685,84.5582012078846,56.5777723524667,59.2999954224,72.2706949478571,0,0,47.7403733080871,69.458347320575,0,0,0,0,0,0,0,0,0,0,0,0,0,0,0,0,0,0,0,0,0,0,0,0,0,0,0,0,0,0,0,0,0,0,0,0,0,0,0,0,33.6000099182,0,0,0,0,0,0,0,0,0,0,0,0,0,0,0,0,0,0,0,0,0,0,0,0
