0,1.0617729108905796,0.13668482331062834,0.000445969947499509,0.11423432047294259,0.13732572060397552,0.3338795763172682,0.0056746858601245025,0.18343996664899329,0.6594630394873695,0.0549692236652475,0.003558032692405979,0.00014525751406893644,0.0001374457257108481,0.004056409863850786,0.00010601194510464271,0.00020828775838270026,0.000027425345857048288,0.00014526815916845534,0.1827198532515712,0.009151169366448577,0.001850532883060202,0.0007859509031987754,0,0.00007897768967575682,0.00010483667732515024,0.0001855988855311518,0.0007236678152632587,0.000021569954832100786,0,0.000025203267606713382,0,0,0.00002110773243591551,0.00006909108420818928,0,0,0,0,0,0,0,0,0,0,0,0,0,0,0.000029042568079244826,0,0,0,0,0,0.00207239541440971,0.13302500226723554,0.00031689890606566886,0.2132805151923569,1.5332712723139716,0.0034495118302912573,0.09195433971941985,0.0001233425758442135,0.004921040809153451,0,0,0,0,0,0,0,0,0.00004494422226207399,0,0.00003046475316717613,0,0,0,0,0,0,0,0,0,0.0002955083290295938,0,0,0,0,0,0,0,0,0,0,0,0,0,0,0,0,0,0,0,0,0,0,0,0,0,0,0,0,0,0,0,0,0,0,0,0,0,0.0025885745283739953,0,0.00003693853868237992,0.0001343219471995708,0,0,0
1.0617729108905796,0,0.2153794633005853,0.01920508681567161,0.6646443458546883,0.33409124718414357,1.450974034470331,0.0526500233509187,0.3044141819279831,1.3003227482296178,0.3296818944269971,0.03774572836461061,0.003882688395417304,0.005713396806524219,0.06617078488830216,0.0015272036534049206,0.004651284975345472,0.003567188503769382,0.003694874755721155,0.08709925992501841,0.003361001906063767,0.0027374617726802822,0.0002807123641302712,0.00004075977536698281,0.0010369076653591386,0.0023292452506826775,0.0012290780047097625,0.006491871428598214,0.0008865887655693782,0.0006280437662645014,0.0004691937330081122,0.000017434109803626928,0.000019065040566279653,0.0006985652986255152,0.0008642398410884722,0,0,0,0,0,0,0.00014013942284077163,0,0,0,0,0,0,0.00006935004718018737,0,0,0,0,0,0,0.002178764222735062,0.1401195203774151,0.0005397988152484429,0.4891501232758865,1.948065904196943,0.0031512297783054875,0.11027363592225473,0.00010419490557984287,0.0006504117900697274,0,0,0,0,0,0,0,0,0,0,0,0,0,0,0,0,0,0,0,0,0.00008954795671258337,0,0,0,0,0,0,0,0,0,0,0,0,0,0,0,0,0,0,0,0,0,0,0,0,0,0,0,0,0,0,0,0,0,0,0,0,0,0.00003953289260942641,0,0,0,0,0,0
0.13668482331062834,0.2153794633005853,0,0,0.002631731879636118,0.00022396421069960238,0.5066336163159679,0.022755510276652163,0.07116077649809169,0.45893310449575975,0.0014850810613929635,0.0014959190043770311,0.0001636976093481385,0.0007689321931728079,0.013883140051748817,0.0006914494408260822,0.0010400719780200153,0.0002643785212099954,0.0007403230039931142,0.0007248030766085324,0.00021576505667133752,0.00005510644837539155,0,0.000018101584318511353,0.00009415466003081996,0.0003529710821911846,0.0002494813069110624,0.000740171849809304,0.000089277455106251,0.00005753541138492462,0.00014212823569294998,0,0,0.00022575640900987824,0.00022405548229173917,0,0,0,0,0,0,0.00015419916949966592,0,0,0,0,0,0,0,0,0,0,0,0,0,0.00027335894334548064,0.009017772854709968,0.000023086585300526804,0.0006185748622075358,0.01073572111672804,0.00007341821173625637,0.00008443095274883355,0.00007884602501468626,0,0,0,0,0,0,0,0,0,0,0,0,0,0,0,0,0,0,0,0,0,0,0,0,0,0,0,0,0,0,0,0,0,0,0,0,0,0,0,0,0,0,0,0,0,0,0,0,0,0,0,0,0,0,0,0,0,0,0,0,0,0,0,0,0,0
0.000445969947499509,0.01920508681567161,0,0,0.05055303589304922,0.007010175522559989,0.0007270498379488375,0.00016086460486710073,0.0009861311122238946,0.009809523301006486,0.011752953841689078,0.0005357682840803426,0,0,0.00004104280336199187,0,0,0.00009061584163635222,0,0.000551492848723925,0,0,0,0,0,0,0,0,0,0,0,0,0,0,0,0,0,0,0,0,0,0,0,0,0,0,0,0,0,0,0,0,0,0,0,0,0,0,0.001230092703147348,0.0029593610601717783,0,0.00012918395489329684,0,0,0,0,0,0,0,0,0,0,0,0,0,0,0,0,0,0,0,0,0,0,0,0,0,0,0,0,0,0,0,0,0,0,0,0,0,0,0,0,0,0,0,0,0,0,0,0,0,0,0,0,0,0,0,0,0,0,0,0,0,0,0,0,0,0,0
0.11423432047294259,0.6646443458546883,0.002631731879636118,0.05055303589304922,0,0.08002215099702524,0.08540231630503921,0.0028329566298315283,0.04892153150631974,1.3717645109476853,0.26951019298619094,0.02607448127727345,0.005092360155350882,0.0022059179960559725,0.0064614456313495045,0.00005117026731628335,0.0001576044162636372,0.0010226910171612172,0.001201833371458271,0.03722103560651774,0.007348334099776995,0.003352898859477338,0.00047896983296806376,0,0.00009519729152216989,0.00004464713861133124,0.00005615358316199603,0.0004955094580936077,0.0000401710467614604,0,0.000019377579634921042,0,0,0.00011177028837427584,0.0001609303272257451,0,0,0,0,0,0,0,0,0,0,0,0,0,0.000021768576331904817,0,0,0.0000249373982776627,0,0,0,0.00011151256233341529,0.00970976714688124,0.0002606227661539989,0.23342180432457393,0.4687448220911155,0.0012212888812178863,0.01246274833339854,0.000158032413357113,0,0,0,0,0,0,0,0,0,0,0,0,0,0,0,0,0,0,0,0,0,0,0,0,0.000016060247611460922,0,0,0,0,0,0,0,0,0,0,0,0,0,0,0,0,0,0,0,0,0,0,0,0,0,0,0,0,0,0,0,0,0,0.00004361745069746672,0.00018154089450586266,0,0,0,0,0,0
0.13732572060397552,0.33409124718414357,0.00022396421069960238,0.007010175522559989,0.08002215099702524,0,0.014429574747357104,0.0005024360118662825,0.002428542084299872,0.12298087061387641,0.008868761214335079,0.0011480898831907728,0.0010549381974779477,0.00007099297635457331,0.00031679282623226727,0.00007973241390184612,0,0,0,0.0870275892404869,0.012146737447677598,0.006056057170802428,0.0016721154700477692,0,0,0,0,0,0,0.00006366425783222996,0,0,0,0.00020383601853418237,0.0002836879061590249,0,0,0,0,0,0,0,0,0,0,0,0,0,0,0,0,0,0,0,0,0,0.004012028043295178,0.0000782803188815692,0.5343003825428908,0.46663339613315374,0.0004041138652917043,0.12150449752452316,0.0005574905045542249,0,0,0,0,0,0,0,0,0,0,0,0,0,0,0,0,0,0,0,0,0,0.0006885633866721478,0,0,0,0,0,0,0,0,0,0,0,0,0,0,0,0,0,0,0,0,0,0,0,0,0,0,0,0,0,0,0,0,0,0,0,0,0,0.0008593133282106886,0,0,0.0004507753991510621,0,0,0.0005704180406409246
0.3338795763172682,1.450974034470331,0.5066336163159679,0.0007270498379488375,0.08540231630503921,0.014429574747357104,0,0.8685516310632562,1.084227483493212,2.0136890569035937,0.21485973957391621,0.0659191544199669,0.001352630893642924,0.0014561533062047854,0.054072957030479006,0.02453984967371462,0.01008276670596651,0.0015894154794469408,0.0004281275260075897,0.2653083008450914,0.07179871413369442,0.0008736667413191441,0.0002924618431842026,0.0014628891676551736,0.002481400270639943,0.009768957480619256,0.007397056260585702,0.004341015001163851,0.0011456394120052387,0.0004984434190279407,0.0022038732409067245,0.0005124117781567947,0.00032895172622239755,0.0017735195032429162,0.0008106238263704244,0,0.00012723968119027142,0.00023389047138661821,0,0,0,0.002867769566291635,0.00004068961788663026,0.000034511915238736174,0.00003474014912603032,0,0,0,0,0,0,0,0,0,0,0.007982888187287577,0.07975368405385523,0.00024832626693616614,0.12937091458599081,0.1753927558291147,0.0016034663903203461,0.004545758252867916,0.0008114055423989477,0,0,0,0,0,0,0.00007763763502586703,0.00006530568082284336,0.00007319089691929129,0.00003914017025558691,0,0,0,0,0,0,0,0,0,0,0,0.00030019881813893524,0.000046354249496786163,0,0,0,0,0,0,0,0,0,0,0,0,0,0,0,0,0,0,0,0,0,0,0,0,0,0,0,0,0,0,0,0,0,0,0.00008000224729209572,0,0.0018656928267100077,0.00003160515205907679,0,0,0,0,0
0.0056746858601245025,0.0526500233509187,0.022755510276652163,0.00016086460486710073,0.0028329566298315283,0.0005024360118662825,0.8685516310632562,0,0.976130929699329,0.14079524639275612,0.09053670808880138,0.40096270736805395,0.047099867716045005,0.07039158117133752,0.3596173682583412,0.4187446390546674,0.14915697078253423,0.00824426426243867,0.003354527826377705,0.04324781707274375,0.2339986418843787,0.006993755040612151,0.002197338293811912,0.04576287785679127,0.041368833636105946,0.06368871306262405,0.0690328153812902,0.021194337413252065,0.002786671278021135,0.0050475306925878895,0.020707344756896208,0.002433260144137218,0.003350885288934085,0.011417309751478812,0.004010676810880447,0,0.00032793379268567814,0.00020388029836323747,0.0004783339254938855,0.00037643986677769016,0,0.009651148377046873,0.000579676147410173,0.0005667006121086273,0.00022602615056076288,0,0,0,0.00012687293093429356,0,0,0.0008625374499537358,0.00003203340268989868,0,0.00011353573339192209,0.31371124460174077,0.29915362343461155,0.009174684624501972,0.6140468495380191,1.4780259863845278,0.11455442739806074,0.000828631610019783,0.01156180904815142,0.0014562952927592518,0,0,0,0,0,0,0,0.00003311015592280317,0,0,0,0,0,0,0.00007434168815691646,0,0,0,0,0,0,0.00042510678419004983,0,0,0,0,0,0,0,0,0,0,0,0,0,0,0,0,0,0,0,0,0,0,0,0,0,0,0,0,0,0,0,0,0,0,0,0.00007281518792357166,0.00170603246958202,0,0,0,0,0,0
0.18343996664899329,0.3044141819279831,0.07116077649809169,0.0009861311122238946,0.04892153150631974,0.002428542084299872,1.084227483493212,0.976130929699329,0,2.411879284145629,1.148823370277034,1.2217431065936761,0.08001426908250868,0.07859861148415073,1.7337555358232233,0.022920943103359074,0.04405644146948687,0.04946824967054377,0.03436595503854756,0.2767662202142422,0.4104556932139744,0.014038797633788899,0.0004491101770160339,0.00162878579506209,0.011356037348016847,0.017508288810021037,0.0069255580410497635,0.04238643671979985,0.0074673330899057274,0.006764548129702961,0.0056387897432233795,0.0017353830159082266,0.0008743416536869097,0.014769932462195571,0.006246719619965332,0.000047710721094940916,0.00036180780559237277,0.0003439847664799182,0.00008601817981909762,0,0.00004477398159121166,0.0014486627400679822,0,0,0.00004210269439406047,0,0,0.000018241239898379506,0,0,0,0.000019345870436179323,0,0,0.000035075173227555996,0.08446480822297618,0.4619167522405931,0.0008445188868063873,0.8994961664224593,1.2937729027854312,0.011073585260983182,0.0012434957613834342,0.0006380614820392874,0.00007341824000404852,0,0,0,0,0,0,0.000028830078217190568,0.00002918600789131957,0,0,0,0,0,0,0.0001657365361102019,0,0,0,0,0,0.000392701929337682,0.0010453927717112225,0,0,0,0,0,0,0,0,0,0,0,0,0.000019733442693986333,0,0,0,0,0,0,0,0,0,0,0,0,0,0,0,0,0,0,0,0,0,0,0,0.0024334437395147446,0,0,0.00010944749737731462,0.000022472106241773365,0,0
0.6594630394873695,1.3003227482296178,0.45893310449575975,0.009809523301006486,1.3717645109476853,0.12298087061387641,2.0136890569035937,0.14079524639275612,2.411879284145629,0,2.302572273456053,0.3830061844644635,0.026420587169113073,0.03122401218132785,0.228723002619796,0.0019638525366275773,0.00599381370191031,0.018476945094239434,0.020872584792878363,0.32523863351406435,0.015050268013071284,0.007819134421858439,0.00032355075152876004,0.000021648953886673798,0.002334540232345252,0.0034304980956998553,0.001915229468855612,0.014878037883469189,0.00364065692840784,0.001555221810382245,0.0008422097849992784,0,0,0.00478606818024515,0.003345479137685691,0,0.000047239372407889235,0,0,0,0,0.0003079626739494965,0,0,0,0,0,0,0.0001392633183448071,0,0,0,0,0,0,0.003006190382802777,0.11877368057251365,0.0012690238809817175,0.39333553422010475,1.441825249776694,0.004129853303122061,0.00925270248659644,0.00018702647800750068,0,0,0,0,0,0,0,0,0,0,0,0,0,0,0,0,0,0,0,0,0,0.00013547658159844284,0.00008222838935142358,0,0,0,0,0,0,0,0,0,0,0,0,0,0,0,0,0,0,0,0,0,0,0,0,0,0,0,0,0,0,0,0,0,0,0,0.00008151952928757593,0.0011810149073897714,0,0,0,0,0,0
0.0549692236652475,0.3296818944269971,0.0014850810613929635,0.011752953841689078,0.26951019298619094,0.008868761214335079,0.21485973957391621,0.09053670808880138,1.148823370277034,2.302572273456053,0,3.443709761526383,0.33516788930632146,0.1418768799551779,0.11831344280274039,0.00039510864249249863,0.0006707325219187204,0.019236040671293628,0.05837069813663806,0.18209889001198878,0.0681037315249495,0.04398702300192093,0.0018504220022141909,0,0.0029372643686939167,0.0005570090531728706,0.0002744658715509888,0.009385153195646817,0.00366809118560496,0.002134385655839089,0.00020235323456123066,0.00009580814190358382,0,0.003400464392186608,0.004613386977652204,0,0,0,0,0,0,0.00003648250127328448,0,0,0,0,0,0,0.000022260507741237384,0,0,0,0,0,0,0.00236512823926549,0.04546605649938798,0.0005772433575839481,0.26867246777600345,0.29828762132276343,0.0031342730867266956,0.0009566967910185351,0.00023756472749443658,0,0,0,0,0,0,0,0,0,0,0,0,0,0,0,0,0,0,0,0,0,0.00012030872324935506,0,0,0,0,0,0,0,0,0,0,0,0,0,0,0,0,0,0,0,0,0,0,0,0,0,0,0,0,0,0,0,0,0,0,0,0,0,0.00030950992125730695,0,0,0,0,0,0
0.003558032692405979,0.03774572836461061,0.0014959190043770311,0.0005357682840803426,0.02607448127727345,0.0011480898831907728,0.0659191544199669,0.40096270736805395,1.2217431065936761,0.3830061844644635,3.443709761526383,0,1.9402734188385664,0.5118001653777672,0.8369498607342812,0.005276999782956675,0.009732533056094443,0.05943249323252635,0.1749579027977733,0.08554160838777021,0.49064180662078644,0.0657027140412727,0.0018992635673484417,0.00021721896423644894,0.011498757379192277,0.0036234199204513554,0.0007764393543978155,0.029552419060266552,0.013181654535260847,0.004004104746848809,0.0006669176200890028,0.00007054573686225,0.00006973647583522914,0.006426959974301645,0.008599349128178082,0,0,0,0,0,0,0.000019799554169866854,0,0,0,0,0,0,0,0,0,0.00002592178581427587,0,0,0,0.012201950058288174,0.06859885315802416,0.0007759111999035219,0.5384287164867643,0.2329268088764662,0.004439690192237559,0.000059774126308402594,0.00009061582102553299,0.00003070215531966759,0,0,0,0,0,0,0,0,0,0,0,0,0,0,0,0,0,0,0,0,0.00006459198193479144,0.00010483665072266587,0,0.000020136860240015707,0,0,0,0,0,0,0,0,0,0,0,0,0,0,0,0,0,0,0,0,0,0,0,0,0,0,0,0,0,0,0,0,0.00003728811390286169,0,0.00012185907523515562,0,0,0,0,0,0
0.00014525751406893644,0.003882688395417304,0.0001636976093481385,0,0.005092360155350882,0.0010549381974779477,0.001352630893642924,0.047099867716045005,0.08001426908250868,0.026420587169113073,0.33516788930632146,1.9402734188385664,0,4.21116295763894,0.7022542599296265,0.02915627987220106,0.11113761331737687,0.41882071948505073,0.7663310800834459,0.02790655122821415,0.1429270848076715,0.38195269125096176,0.006012002239405908,0.0060432004740475186,0.025529480392891254,0.00033184185812848644,0.0012560646839699055,0.02551868961459303,0.010740224603501774,0.002159136566245119,0.000721576803104395,0,0,0.006984097659064136,0.014033543606856786,0,0,0,0,0,0,0,0,0,0,0,0,0,0,0,0,0,0,0,0,0.012998401562207319,0.0016757623968274974,0.004192441954736699,0.20323250390439626,0.13613867034760224,0.011514988220567285,0.0003271058367470228,0.0008803097617622758,0.000036037574300576456,0,0,0,0,0,0,0,0,0,0,0,0,0,0,0,0,0,0,0,0,0,0,0,0,0,0,0,0,0,0,0,0,0,0,0,0,0,0,0,0,0,0,0,0,0,0,0,0,0,0,0,0,0,0,0,0,0,0,0,0,0,0,0,0,0
0.0001374457257108481,0.005713396806524219,0.0007689321931728079,0,0.0022059179960559725,0.00007099297635457331,0.0014561533062047854,0.07039158117133752,0.07859861148415073,0.03122401218132785,0.1418768799551779,0.5118001653777672,4.21116295763894,0,1.4375402738621408,0.11158867984891253,0.6084654877036605,0.857173490647953,1.2294469175428433,0.007550289470859585,0.10048773332851914,0.27799954959975154,0.0002447273476034843,0.03964031946279623,0.11801718324901755,0.002659232451191401,0.010623062365342014,0.12399671343769465,0.04515157143521917,0.007931082603473805,0.0005118609335542145,0.00013939065902374953,0,0.00819322015777322,0.030476363415696296,0,0,0,0,0,0,0,0,0,0,0,0,0,0,0,0,0,0,0,0,0.026066159865486757,0.00371924737671531,0.0065996271659860065,0.27782911232397345,0.22448526941838365,0.027306059618666823,0.0000475667344450876,0.0010154532909859649,0.00010778417422179664,0,0,0,0,0,0,0,0,0,0,0,0,0,0,0,0,0,0,0,0,0,0,0,0,0,0,0,0,0,0,0,0,0,0,0,0,0,0,0,0,0,0,0,0,0,0,0,0,0,0,0,0,0,0,0,0,0,0.00003825348458717525,0.00003614779606895276,0,0,0,0,0,0
0.004056409863850786,0.06617078488830216,0.013883140051748817,0.00004104280336199187,0.0064614456313495045,0.00031679282623226727,0.054072957030479006,0.3596173682583412,1.7337555358232233,0.228723002619796,0.11831344280274039,0.8369498607342812,0.7022542599296265,1.4375402738621408,0,0.3506824126749016,2.037701766785896,0.7071680953257159,0.15862725898126956,0.018971622953539477,0.3789231769544156,0.19652161019916267,0.0012133494775488887,0.06524802875538147,0.17376168752291957,0.18454818097630957,0.019419944422318466,0.2755669587156797,0.040274708575701756,0.03660987269347728,0.03292007524867838,0.004567670074127475,0.007862162705892918,0.061232039000387886,0.0232736620725791,0.00011995260710673096,0.0004052684756517729,0.0008520557027259289,0.0011003111742243416,0.0004554223373041676,0,0.005017549801310094,0.0008710300716563155,0.00004737606371524286,0.000025365515855582,0,0,0,0.000028551509874013742,0,0,0.00010481082829365542,0.00017700991874743173,0,0.0000431398916459691,0.8925045848671631,0.1056761193553277,0.03282407693964278,1.6403109317092734,2.7339997288006233,0.1553037838618204,0,0.008108784782767166,0.002744444287784474,0,0,0,0,0,0,0,0,0,0,0,0,0,0,0.00003614782558735144,0,0,0,0,0,0,0.0009294515447994579,0.00011072908386026701,0,0,0,0,0,0,0,0,0,0,0,0,0,0,0,0,0,0,0,0,0,0,0,0,0,0,0,0,0,0,0,0,0,0,0,0.0008140944353858483,0,0,0,0,0,0
0.00010601194510464271,0.0015272036534049206,0.0006914494408260822,0,0.00005117026731628335,0.00007973241390184612,0.02453984967371462,0.4187446390546674,0.022920943103359074,0.0019638525366275773,0.00039510864249249863,0.005276999782956675,0.02915627987220106,0.11158867984891253,0.3506824126749016,0,1.5307341552557718,0.09182578964629573,0.002727200944612244,0.0002683896057111054,0.01202146099710847,0.032330303455555195,0.002219544473642026,1.0984484491446949,0.1697960672306035,0.21276136501622933,0.28600058765481157,0.035109235467147414,0.004671163295212924,0.015416507004600262,0.05723309577535601,0.007110043249598326,0.008129944299192183,0.031823501719083734,0.004053528898502643,0.0001308523682092388,0.0015108838870385747,0.0005585082730183282,0.0021005112444757797,0.0007916618246594094,0.0001930835104181067,0.018526541163022832,0.002213667644482131,0.0012220719407309386,0.0005037948924142823,0,0,0,0.00026808535591320857,0.000047186937042619196,0,0.0013442564554261853,0.0006556915664082941,0.000023546495358705238,0.0004130375999728312,0.271386745171693,0.01312903792587913,0.018406069871706073,0.13505589084895053,0.6720085447561336,0.08903983792770649,0,0.01979745704247462,0.001854746813841419,0,0,0,0,0,0,0,0,0,0,0,0,0,0,0,0,0,0,0,0,0,0.000048246241342113346,0.0000649468503157357,0.000023593461335666262,0,0,0,0,0,0,0,0,0,0,0,0,0,0,0,0,0,0,0,0,0,0,0,0,0,0,0,0,0,0,0,0,0,0,0,0,0,0,0,0,0
0.00020828775838270026,0.004651284975345472,0.0010400719780200153,0,0.0001576044162636372,0,0.01008276670596651,0.14915697078253423,0.04405644146948687,0.00599381370191031,0.0006707325219187204,0.009732533056094443,0.11113761331737687,0.6084654877036605,2.037701766785896,1.5307341552557718,0,2.978567924595893,0.0568031950043664,0.0002746917476598363,0.011072406447938143,0.2900099194742629,0.0012163470875142753,0.6305013347870992,0.23823770005753014,0.15848574216172615,0.1589808435638384,0.10924734829680838,0.01387462746250192,0.015539307670974223,0.02217618154358303,0.0026832018056803355,0.00369848788623228,0.025144689193873016,0.005601661206525665,0.00021571182012858136,0.00022862696397431777,0.0011839700160195961,0.0008445035457459353,0.00013716658602447022,0,0.003878569938714335,0.00044246002654767664,0.00021313904468364168,0.000019733451491021543,0,0,0,0.000041620867482102296,0,0,0.0007279793604698438,0.00020998365835367297,0,0.0007004639887121582,0.9879953576313966,0.010725739772491355,0.14503952577397564,0.5350609950232026,2.4706555146551263,0.2719228842489661,0.00004020520268340822,0.019516652465314935,0.002474801632744527,0.000016578303595087397,0,0,0,0,0,0,0,0,0,0,0,0,0,0.00003238446502437521,0,0,0,0,0,0,0.00005117027999150589,0.00006254144127362776,0,0,0,0,0,0,0,0,0,0,0,0,0,0,0,0,0,0,0,0,0,0,0,0,0,0,0,0,0,0,0,0,0,0,0.000046720670132288894,0.00021460298731049997,0.00003054349328521497,0,0,0,0,0
0.000027425345857048288,0.003567188503769382,0.0002643785212099954,0.00009061584163635222,0.0010226910171612172,0,0.0015894154794469408,0.00824426426243867,0.04946824967054377,0.018476945094239434,0.019236040671293628,0.05943249323252635,0.41882071948505073,0.857173490647953,0.7071680953257159,0.09182578964629573,2.978567924595893,0,4.824045145470058,0.002994995939822558,0.004065047811068835,0.5063645125703405,0.005442435860220558,0.2278970509621071,1.21710177280975,0.4265919427233244,1.2780525482174627,0.9267769920066158,0.2631994041207142,0.06335151583645618,0.015586649645982968,0.0005826875502142439,0.00015048157402719264,0.07845806965217578,0.12346822403289365,0.0002439539637510537,0.00006148413457025922,0,0.000025865056393719237,0,0,0.00017230802906682106,0,0.00004581523428260381,0.000026267411060797462,0,0,0,0,0,0,0.0005757100003634562,0.0013447810809354389,0.00003177507934063231,0.00045448243286399284,0.4721202513843479,0.004693592473344534,0.5913979341705496,0.722116627565582,3.2298919265506565,0.5020442617813691,0,0.0360476349059733,0.0018407538597519895,0,0,0,0,0,0,0,0,0,0,0,0,0,0,0,0,0,0,0,0.0009311412917870104,0,0,0.000049457472278486004,0.00012284400187043725,0,0,0,0,0,0,0,0,0,0,0,0,0,0,0,0,0,0,0,0,0,0,0,0,0,0,0,0,0,0,0,0,0,0.00018454850607426042,0.00009777842235308038,0,0,0,0,0,0.00003030854687596773
0.00014526815916845534,0.003694874755721155,0.0007403230039931142,0,0.001201833371458271,0,0.0004281275260075897,0.003354527826377705,0.03436595503854756,0.020872584792878363,0.05837069813663806,0.1749579027977733,0.7663310800834459,1.2294469175428433,0.15862725898126956,0.002727200944612244,0.0568031950043664,4.824045145470058,0,0.00506827411374496,0.009930793393156855,0.04422286352047599,0.006796157442524387,0.004767764026385956,1.0257668105348445,0.08551276731359632,0.2115976247211303,1.161815957381167,0.29527896109627827,0.03926785580844998,0.020520150250565306,0.0015389947418822123,0.00013726827856386662,0.04809334096690583,0.20251030583144378,0.00006754472631042359,0,0,0,0,0,0.00006124521639323822,0,0,0,0,0,0,0,0,0,0.0012465472975535703,0.0008177660183568999,0,0.00018000502009888987,0.028286244187427912,0.0006430749564317054,0.04005868386413009,0.03167618268709268,0.10654212316217096,0.02088341072086057,0,0.003257758238506288,0,0,0,0,0,0,0,0,0,0,0,0,0,0,0,0,0.00012185914445756674,0.00010745749836813957,0,0,0.00021491531349100294,0,0,0,0,0,0,0,0,0,0,0,0,0,0,0.00017130908292134454,0,0,0,0,0,0,0,0,0,0,0,0,0,0,0,0,0,0,0,0,0,0,0.000052302344124650835,0,0,0,0,0,0,0
0.1827198532515712,0.08709925992501841,0.0007248030766085324,0.000551492848723925,0.03722103560651774,0.0870275892404869,0.2653083008450914,0.04324781707274375,0.2767662202142422,0.32523863351406435,0.18209889001198878,0.08554160838777021,0.02790655122821415,0.007550289470859585,0.018971622953539477,0.0002683896057111054,0.0002746917476598363,0.002994995939822558,0.00506827411374496,0,0.2807150313755777,0.07111893248103168,0.02114617717139324,0,0.0008073717435308851,0,0.00009870840922556608,0.0016919957741171258,0.0004411837355242895,0.000571084563013475,0.000020034456679217403,0,0,0.003754309274044137,0.002423260583606862,0,0,0,0,0,0,0,0,0,0,0,0,0,0,0,0,0.00002133632955611901,0,0,0,0.001020412585009958,0.049088338705430855,0.002017178549435093,2.7037408467121056,1.0294362997994089,0.007657904002050243,0.21649090542395544,0.005015755125278963,0,0.0006017623205848196,0,0,0,0.00045077528985618397,0.00017319167344382206,0,0.0002831217273483806,0.0006302480054607364,0.0002251491476864145,0.00006566849842632797,0.0002244366003033911,0.000047662615345283793,0,0,0,0.00002045039717135055,0,0,0,0.008502921292391842,0.015452901238800887,0.002859366878502468,0.00005397412435666258,0,0,0,0,0,0,0,0,0,0,0.000024422170654151317,0,0,0,0,0,0,0,0,0,0,0,0,0,0,0,0,0,0,0,0,0,0.0014041912585355451,0.0003232911245142919,0.19264380439068704,0.002904605226481865,0.00012061563152539819,0.010847328477492004,0,0,0
0.009151169366448577,0.003361001906063767,0.00021576505667133752,0,0.007348334099776995,0.012146737447677598,0.07179871413369442,0.2339986418843787,0.4104556932139744,0.015050268013071284,0.0681037315249495,0.49064180662078644,0.1429270848076715,0.10048773332851914,0.3789231769544156,0.01202146099710847,0.011072406447938143,0.004065047811068835,0.009930793393156855,0.2807150313755777,0,0.6266136243447313,0.11010372850471535,0.00006872285142410548,0.0011374202397962437,0.00034138139565541786,0.0004075641398797108,0.0024247147260208564,0.0010572381622049034,0.0007138070523276465,0.00029602865710238123,0.0003007718835437939,0.00013847441096231168,0.016050940543377693,0.019523314517035893,0,0.000031946840457478754,0,0,0,0,0.0004657939637559838,0,0,0.0005740059115337703,0,0,0,0,0,0,0,0,0,0,0.006473481758997581,0.060151683457772984,0.004874428258340793,3.2739691469431,0.2652553016866253,0.004550856835876527,0.024243418356241848,0.010679295236347787,0,0,0,0,0,0.00010460470590574108,0.0003514469016008781,0.0005823039933649488,0.0006822308696006411,0.0002583677841186587,0,0.00008041044188368275,0.00039229850181931886,0.00024583012387813767,0,0.0006801110350292644,0,0,0,0,0,0.014077103076405962,0.00821165564390784,0.0027890319371304015,0.00014677562918856112,0,0,0,0,0,0,0,0,0,0,0,0,0,0,0,0,0,0,0,0,0,0,0,0,0,0,0,0,0,0,0,0,0.00015760438286315255,0.0016997686193787008,0.22281182326506607,0.0007003486963016885,0.00005051424808719774,0,0,0,0.00008348670947680126
0.001850532883060202,0.0027374617726802822,0.00005510644837539155,0,0.003352898859477338,0.006056057170802428,0.0008736667413191441,0.006993755040612151,0.014038797633788899,0.007819134421858439,0.04398702300192093,0.0657027140412727,0.38195269125096176,0.27799954959975154,0.19652161019916267,0.032330303455555195,0.2900099194742629,0.5063645125703405,0.04422286352047599,0.07111893248103168,0.6266136243447313,0,0.23537939427333215,0.03511028665553099,0.26577577133029584,0.11094879581399172,0.507220033248161,0.29234491887874714,0.05059898430195372,0.010526609247947138,0.0169871226844187,0.0003987965471518551,0.00008368374212427862,0.07284631833476421,0.12178964391467881,0.00013865489942385697,0,0,0,0,0,0.0003668252241550256,0,0,0.0004244514576743374,0,0,0,0,0,0,0.0020501060411487995,0.0010766019632132094,0,0.0006556732099020934,0.07952262043845629,0.0012532989914546125,0.507327769143209,2.242117749966407,0.5828627217454113,0.14452512731906464,0.03670296267770149,0.05384246819862867,0.0011781312021943908,0,0,0,0,0,0,0,0,0,0,0,0,0.00008870790694559025,0,0.00008208568283249458,0,0,0.00018887342009114966,0,0,0.0004923856451768096,0.002106483234835863,0.0189962655381933,0.0010183668363608234,0,0.00013133701076963486,0.0001069713006780907,0,0,0,0,0,0,0,0,0,0,0,0,0,0,0,0,0,0,0,0,0,0,0,0,0,0,0,0,0,0,0.07985479066456248,0.05435041243167003,0,0,0.008116435649223002,0.00010414389262981117,0,0.0005680251348755665
0.0007859509031987754,0.0002807123641302712,0,0,0.00047896983296806376,0.0016721154700477692,0.0002924618431842026,0.002197338293811912,0.0004491101770160339,0.00032355075152876004,0.0018504220022141909,0.0018992635673484417,0.006012002239405908,0.0002447273476034843,0.0012133494775488887,0.002219544473642026,0.0012163470875142753,0.005442435860220558,0.006796157442524387,0.02114617717139324,0.11010372850471535,0.23537939427333215,0,0.0015011216351782067,0.022424960041093595,0.037979146595592275,0.11040687757202224,0.26634156978987444,0.0683887607459917,0.025187133054540775,0.04160780496608271,0.0035885613076471748,0.010157964660312574,0.7076697240346064,0.05630871946980157,0.0004963917473571547,0.0012684461452376506,0.0010985636302990691,0.0016704208251581885,0.0011948730049478424,0,0.07155903526412756,0.0002375945399700185,0.000953801870165493,0.024854447204865213,0,0,0,0.000567051787711347,0.0004987482235875005,0.00009809400421522299,0.008026920461421774,0.001726195702205508,0.000032033409313085185,0.0021417411561408003,0.038953376917904924,0.0004294697676327064,0.3362200139947914,0.5271406381888664,0.04714661215291041,0.005583989653182475,0.000517681432074877,0.7304180532747792,0.000128637204265683,0,0,0,0,0,0,0.000026384676778022526,0.0003086248663717898,0,0,0,0.000026384681271282342,0.0006569867098443179,0,0,0,0,0,0,0,0,0.00009960954202503842,0.0022786651009828397,0.02772541314432355,0,0,0,0,0.000359749255123566,0.0001228086577834605,0,0,0,0,0.00017842010294401658,0.000815195167772106,0,0,0,0,0,0.00011230716632399206,0,0,0,0,0,0,0,0,0,0,0.00004844400286080704,0,0,0.0008916598438374801,0,0.10286797686355212,0.016698813151326427,0.00028777421326229777,0.00011047037009049634,0.00005880758216391596,0.021244482279226908,0,0.0024250893215396465
0,0.00004075977536698281,0.000018101584318511353,0,0,0,0.0014628891676551736,0.04576287785679127,0.00162878579506209,0.000021648953886673798,0,0.00021721896423644894,0.0060432004740475186,0.03964031946279623,0.06524802875538147,1.0984484491446949,0.6305013347870992,0.2278970509621071,0.004767764026385956,0,0.00006872285142410548,0.03511028665553099,0.0015011216351782067,0,0.147122067218003,0.1093622303786565,0.8343414682060228,0.006652636395449291,0.0008215346237834028,0.0020685454520754086,0.028471932145706067,0.0026547398386294677,0.0021307385643529013,0.00651441519811408,0.0016952875472226341,0,0.0004129187871319016,0.00013914458452608968,0.00003339076401061432,0.0004352787936397336,0,0.008451328338685647,0.00040833634849434875,0.0008293167671907278,0.00040279632842303,0,0,0,0.00006000167772330883,0.00006812869976899382,0,0.001026301262109757,0.0026242852884809757,0.00009121797476086457,0.0017010455185035684,0.18373229672765282,0.0021287312277485254,0.03145311562950981,0.06058229475623597,0.2941365980682352,0.0595330432006988,0,0.02378838584632788,0.0006803261056547314,0,0,0,0,0,0,0,0,0,0,0,0,0,0,0,0,0,0,0,0,0,0,0,0,0,0,0,0,0,0,0,0,0,0,0,0,0,0,0,0,0,0,0,0,0,0,0,0,0,0,0,0,0,0,0,0,0,0.00021383512491410359,0,0,0,0,0,0,0
0.00007897768967575682,0.0010369076653591386,0.00009415466003081996,0,0.00009519729152216989,0,0.002481400270639943,0.041368833636105946,0.011356037348016847,0.002334540232345252,0.0029372643686939167,0.011498757379192277,0.025529480392891254,0.11801718324901755,0.17376168752291957,0.1697960672306035,0.23823770005753014,1.21710177280975,1.0257668105348445,0.0008073717435308851,0.0011374202397962437,0.26577577133029584,0.022424960041093595,0.147122067218003,0,0.6692168712381238,1.1788245502926866,0.6050965999290936,0.11772750629257801,0.02505096412315746,0.05796462328557336,0.0037368441449822445,0.0030457971191562502,0.028454431194918438,0.13303833262029258,0.00008194334076682791,0.00010577480356270626,0.00034793587125340374,0.00045487101186983745,0.00003682344520978265,0.00002841424775761276,0.006904957626683565,0.00006963375966793376,0.00039548341741240636,0.0001712264560486428,0,0,0.00004809903536777683,0.0001971698657437864,0.00014548099654482634,0,0.0030917666820505663,0.002206233321731878,0.0001276723522232156,0.0005787402098315005,0.25617688950327827,0.00227456928010279,0.16592910671473357,0.19106114430876925,0.9428588574556919,0.10789611695601081,0,0.02354999260406978,0.0008810382844650379,0,0,0,0,0,0,0,0,0,0,0,0,0,0,0,0,0,0,0,0.0001937758448217312,0,0.000045815220734617455,0.0001298936870186892,0,0,0,0,0,0,0,0,0,0,0,0,0,0,0,0,0,0,0,0,0,0,0,0,0,0,0,0,0,0,0,0,0,0,0.00007131423327757632,0.00003177508911582727,0,0,0,0,0,0
0.00010483667732515024,0.0023292452506826775,0.0003529710821911846,0,0.00004464713861133124,0,0.009768957480619256,0.06368871306262405,0.017508288810021037,0.0034304980956998553,0.0005570090531728706,0.0036234199204513554,0.00033184185812848644,0.002659232451191401,0.18454818097630957,0.21276136501622933,0.15848574216172615,0.4265919427233244,0.08551276731359632,0,0.00034138139565541786,0.11094879581399172,0.037979146595592275,0.1093622303786565,0.6692168712381238,0,1.9448110145420514,0.4418446606876837,0.09563145721949652,0.07993273831349404,0.7812764537571767,0.06443631786457034,0.07104855635608158,0.0852087942259767,0.0977574682610814,0.00012608347903531378,0.0033698786102927406,0.001768782585165783,0.0015103196921975133,0.0018186787175740896,0.000275960985148151,0.05036057632556655,0.003212831651801781,0.005489961568061737,0.003812295795300088,0,0,0.001667920114059889,0.0018668556727358767,0.001977738697917385,0.00039364658505195577,0.1583189349882106,0.07685330275772581,0.001513912338720452,0.014656114724273146,0.32008114297431567,0.002775537183526167,0.04178614362378016,0.05797191642817716,0.4165929693265698,0.037272234967766237,0,0.09643857803527807,0.0013979918968708772,0,0,0,0,0,0,0,0,0,0,0,0,0,0,0,0,0,0,0,0,0,0,0.000036938521068705786,0.0003248335275489824,0,0,0,0.000029330843856484152,0,0,0,0,0,0,0,0,0,0,0,0,0,0,0,0,0,0,0,0,0,0,0,0,0,0,0,0,0,0.0005370873906639494,0.0000622942393665726,0,0,0,0,0,0.0001323171367740282
0.0001855988855311518,0.0012290780047097625,0.0002494813069110624,0,0.00005615358316199603,0,0.007397056260585702,0.0690328153812902,0.0069255580410497635,0.001915229468855612,0.0002744658715509888,0.0007764393543978155,0.0012560646839699055,0.010623062365342014,0.019419944422318466,0.28600058765481157,0.1589808435638384,1.2780525482174627,0.2115976247211303,0.00009870840922556608,0.0004075641398797108,0.507220033248161,0.11040687757202224,0.8343414682060228,1.1788245502926866,1.9448110145420514,0,1.4592831146525536,0.20942066958923528,0.05032304185440737,1.1411278289443783,0.17466373875916968,0.07253209527599093,0.06727443079073848,0.20108898263206781,0.00007387710818860171,0.0029506199157647616,0.0007884859121012562,0.0011960581720371212,0.0013605229798907253,0.00014876138690441174,0.04847875829524742,0.0034861954907899656,0.00462077370004696,0.009244079538634679,0,0,0.0012074838157154664,0.0010078538733316624,0.0011722642408959394,0.0006219363786565944,0.13421375930810106,0.05618625176338242,0.004612768154030878,0.014202716228014306,0.46394074381230743,0.01778076318589398,0.261649595894659,0.4885426079328947,0.4524796023423933,0.07220113530538086,0,0.38936913072945767,0.005710182773935863,0,0,0,0,0,0,0,0,0,0,0,0,0,0,0,0,0,0,0,0,0,0,0.00006321036214364028,0.0012672370477789846,0,0,0,0.000026502991943255476,0.000050676654302377,0.00007566354774423525,0,0,0,0,0,0,0,0,0,0,0,0,0,0,0,0,0,0,0,0,0,0,0,0,0,0.000059101677391852574,0,0.004690129761489059,0.0007789455557391044,0,0,0,0.0011662544976977958,0,0.001452878073980173
0.0007236678152632587,0.006491871428598214,0.000740171849809304,0,0.0004955094580936077,0,0.004341015001163851,0.021194337413252065,0.04238643671979985,0.014878037883469189,0.009385153195646817,0.029552419060266552,0.02551868961459303,0.12399671343769465,0.2755669587156797,0.035109235467147414,0.10924734829680838,0.9267769920066158,1.161815957381167,0.0016919957741171258,0.0024247147260208564,0.29234491887874714,0.26634156978987444,0.006652636395449291,0.6050965999290936,0.4418446606876837,1.4592831146525536,0,0.9539485259490027,0.4751447567225183,0.4270890409642632,0.09601655388799435,0.04991056597054559,0.7488514791884175,1.6710398957876897,0.00046399737015762917,0.0036944841924349413,0.0025614470873989237,0.002969715050367506,0.0006619894538253559,0,0.020773525346994233,0.0013231617251406606,0.0014853993931266856,0.001994188165822671,0,0,0.00013326191335794564,0.0006072716537200378,0.00017398829584912764,0.00010230365726899283,0.09292030792014204,0.02708165830387817,0.0006033718965047247,0.02405581343100156,0.3656617217451386,0.0024788661699973744,0.05885960495862832,0.06112078252910148,0.5237107020520408,0.05321434419544066,0,0.05474381618672989,0.000391493750561503,0,0,0,0,0,0,0,0,0,0,0,0,0,0,0,0,0,0,0,0.00019700545352806036,0,0,0,0.0009629104996537001,0,0,0,0,0.0000777653249153395,0,0,0,0,0,0,0,0,0,0,0,0,0,0,0,0,0,0,0,0,0,0,0,0,0,0,0,0,0.00006994279627299021,0.00036153942671149505,0,0,0,0,0,0.00019194041277605879
0.000021569954832100786,0.0008865887655693782,0.000089277455106251,0,0.0000401710467614604,0,0.0011456394120052387,0.002786671278021135,0.0074673330899057274,0.00364065692840784,0.00366809118560496,0.013181654535260847,0.010740224603501774,0.04515157143521917,0.040274708575701756,0.004671163295212924,0.01387462746250192,0.2631994041207142,0.29527896109627827,0.0004411837355242895,0.0010572381622049034,0.05059898430195372,0.0683887607459917,0.0008215346237834028,0.11772750629257801,0.09563145721949652,0.20942066958923528,0.9539485259490027,0,0.36358650664637787,0.33882578254179857,0.050042006599731445,0.021695368562791837,1.241321396019438,2.342404887621689,0.0024975505934964346,0.0018485777132912586,0.0005097585145158478,0.0007930573264204783,0.0003689048867211936,0,0.01689832916337423,0.0008497840798833978,0.0011239811620336777,0.0022350670779675693,0,0,0,0.0008401832746547361,0.00013419485855090048,0.000027489124718310824,0.04753094437839296,0.01311566009455589,0.0003993256910153465,0.009491380416892582,0.05403824160635183,0.0006938163280165757,0.0030459440924099296,0.003248188599775072,0.0338868579550048,0.0014085418636032966,0,0.02632521549461009,0.00009387425422279307,0,0,0,0,0,0,0,0,0,0,0,0,0,0,0,0,0,0,0,0,0,0,0,0,0,0,0,0,0,0,0,0,0,0,0,0,0,0,0,0,0,0,0,0,0,0,0,0,0,0,0,0,0,0,0,0,0,0,0,0,0,0,0,0,0
0,0.0006280437662645014,0.00005753541138492462,0,0,0.00006366425783222996,0.0004984434190279407,0.0050475306925878895,0.006764548129702961,0.001555221810382245,0.002134385655839089,0.004004104746848809,0.002159136566245119,0.007931082603473805,0.03660987269347728,0.015416507004600262,0.015539307670974223,0.06335151583645618,0.03926785580844998,0.000571084563013475,0.0007138070523276465,0.010526609247947138,0.025187133054540775,0.0020685454520754086,0.02505096412315746,0.07993273831349404,0.05032304185440737,0.4751447567225183,0.36358650664637787,0,0.6646443970588078,0.2165198193106347,0.3181570057046353,3.2896966068731146,0.6974877834501009,0.7658979397019062,1.3063623151120671,0.518936594160175,0.15217848710767448,0.05185289291535838,0.052525887910861595,0.18506266794054377,0.12112903282923607,0.0251832120379812,0.0061316064664108695,0.000025043069634671792,0,0.0002913653919987152,0.011514878164534111,0.0038917861663667792,0.00012807966427541142,0.016254006163852152,0.016596869939795367,0.001281270244371493,0.02332730371941831,0.17179865813654374,0.0037645288405087256,0.00203507277493886,0.0011944533330011295,0.051676254773032955,0.0008288054302407249,0.00001559411924896037,0.028424336939228613,0.0002111446663187013,0,0,0,0,0,0,0,0,0,0,0,0,0,0,0,0,0,0,0,0,0,0,0,0,0,0,0,0,0,0,0,0,0,0,0,0,0.00022302510460193412,0,0,0,0,0,0,0,0,0,0,0,0,0,0,0,0,0,0,0,0,0,0,0,0,0,0,0,0
0.000025203267606713382,0.0004691937330081122,0.00014212823569294998,0,0.000019377579634921042,0,0.0022038732409067245,0.020707344756896208,0.0056387897432233795,0.0008422097849992784,0.00020235323456123066,0.0006669176200890028,0.000721576803104395,0.0005118609335542145,0.03292007524867838,0.05723309577535601,0.02217618154358303,0.015586649645982968,0.020520150250565306,0.000020034456679217403,0.00029602865710238123,0.0169871226844187,0.04160780496608271,0.028471932145706067,0.05796462328557336,0.7812764537571767,1.1411278289443783,0.4270890409642632,0.33882578254179857,0.6646443970588078,0,1.5362440415776184,0.8064047326100492,0.5951943324664195,0.1376343421447476,0.002421035728528195,0.02929126250343855,0.011836576360030543,0.02726499231822882,0.042478347408960455,0.0028229170241445382,0.2596436779785965,0.07162835232635402,0.05912015417416735,0.038158441030282625,0.0008291807460359391,0.0002837982726894026,0.026776004831265326,0.05426327663846334,0.03905140987152786,0.011502602932162655,0.3550339151250429,0.24808668897510391,0.036094516857951967,0.10792776291825702,0.44780203573854405,0.007596147945077548,0.011828437768511548,0.0025408138947032918,0.09892639208118428,0.0031524265261544324,0,0.29650213289475685,0.001818269839938355,0,0,0,0,0,0,0,0,0,0,0,0,0,0,0,0,0,0,0,0,0,0,0,0.00012217390088414698,0,0,0,0,0.00006566847059238484,0.00002349967143989463,0,0,0,0,0,0,0,0,0,0,0,0,0,0,0,0,0,0,0,0,0,0,0,0,0,0,0,0.0003804318123543871,0.00004785561166314496,0,0,0,0,0,0.00013906270688387795
