0,11.76038570412978,0.27700915749163096,11.2353336547774,2.0056944106751753,0.14089044982307178,2.8711768661900785,0,0,0,0,0.03244838960161184,0.0007313403557059319,0,0,0,0.004312103899835196,0,0,0,0,0.0031234742203755874,0.019558441428677503,0.02530715524662937,0.0013969997599247313,0,0.0303895192735293,0.5905677178217736,0.003093749550780039,0.03732631029224696,0,0.9791528729093499,0.0003584187715093754,10.286570293798052,0.01794812160535197,0.27807523091385283,0.7740430025598869,0.023885458818463257,0.13214736760205625,0.0023776635142770913,0.02687935159903545,0.000589931774676221,0.00024104982029089686,0.0012735744357330121,0.017824416089517486,0,0,0,0,0,0,0,0,0,0,0,0,0,0,0,0,0,0,0,0,0,0,0,0,0,0,0,0,0,0,0,0.0012762393610623983,0,0,0.0018780186603052384,0,0,0
11.76038570412978,0,0.011122314873355308,0.00028861728871432287,8.949549248676563,0.16739784767750943,3.1602779122792284,0,0,0,0,0,0,0,0,0,0.009130384900783023,0,0,0,0,0.0012107877527460294,0.0033923149757582698,0.010683081192744201,0,0,0,0.007421471024227715,0.00039914033315069163,0.0011902135038146936,0.0012466299109422413,0.04371803796143898,6.439393122123557e-05,0.3887665941426663,0.4429707819423118,0.8309410258570986,0.5961359589426954,0.0901508338906038,0.020843238745616808,0.006131780412555886,0.002692934158736248,0.001370939476160742,0.004091959063118403,0.002728971557341621,0.0013915546281754521,0.0003726932201790039,0,0.009482824162721214,0.0017997730829464025,0,0,0,0,0,0,0,0,0,0,0,0,0,0,0,0,0,0,0,0,0,0,0,0,0,0,0,0.0014024153236521764,0,0,0.00035698271939459093,0,0,0.031039972158114184
0.27700915749163096,0.011122314873355308,0,1.5998752596025534,0,0,2.201274910126095,0.5620396730799295,0,0,0,0.0009829122737667702,0,0,0,0,0,0,0,0,0,0.00014426728621899063,0.00021762013221039898,0.001479643498450601,0.0002966086361405513,0,3.0080748370195017e-05,0.012332032828790631,0.0006572798586247153,0.0014132238487881805,0,0.0012912328127847228,0,0,0.11161717076105397,0.3505403859029263,0.2539323547792363,0.018995053003353097,0.09146978944828289,0.0003974854625393784,0.0005845674909898421,0.0031593131397127223,0.005197636754059079,0.028201844084200116,0.0632351118569385,0.0002016208888538326,0,0.03240880547232257,0.054413544111771656,0,0,0,0.004020745060890524,0,0,0,0,0,0,0,0,0,0,0,0,0,0,0,0,0,0,0,0,0,0,0,0.012886739058129574,0.00012915591832799318,0,0.003925666400119591,0,0,0.0006563789433956941
11.2353336547774,0.00028861728871432287,1.5998752596025534,0,0,0,0,5.141506540335494,0,0,0,9.928568056918094,0.07864056642450021,0.02913366070440665,0.00581807150816544,0,0,0,0,0,0,0,0,0,0.001456205506851217,0,0.030187552790535623,0.19993499995433692,0,0,0,0.0026701481152970313,0,0,0.0014724877810611786,0.18653479734055906,0.1322183857745715,0,0.20288170580666812,0,0.008764018472341182,0.08300878880297709,0.0031417276535322686,0.15428267643746207,5.2492283535479,0,0,0.022626979963634317,0.2873294344213181,0,0,0,0.8531399210352337,0.018007847343029116,0.0016310310586074843,0,0,0,0,0,0,0,0,0,0,0,0,0,0.0007768423747299651,0,0,0,0,0,0,0,0.1614197285212495,0,0,0.05661566787807046,0,0,0
2.0056944106751753,8.949549248676563,0,0,0,9.46064370260185,11.12172630070288,0.05468751769562924,0.049804212902629326,0.027574934256090162,0,0,0,0,0,0.0007569648659086765,0.10530335647942661,0.0005532827245913642,0.018903096572583548,0,0,0.00034921286396814025,0.0008106747427721684,0.0004005894390997053,0,0,0,0,0,0.0052409951916929905,0.012852858164642007,0.0361704908186128,0,2.6691404376940486,0.4595569649653529,0.461259947328814,0.5542521438568884,0.0633166407389419,0,0,0,0,0.0005445633238559767,0.00012383736262011808,0,0.00164514624612599,0,0.01707330794304581,0,0,0,0,0,0,0,0,0,0,0,0,0,0,0,0,0,0,0,0,0,0,0,0,0,0,0,0,0,0,0,0,0,0,0.0074692888505919685
0.14089044982307178,0.16739784767750943,0,0,9.46064370260185,0,3.121073581129622,0.40744057319321647,2.4431577029123335,12.78604400090782,0,0,0,0,0,0.10720654029580992,0.1890805266636814,0.002112517298867044,0.022340021416644325,0,0,0,0,0,0,0,0,0,0,0.0028256735411466795,0.008882023245864337,0.3696948589285196,0.0011021553788519373,11.009164277134216,0.023363285137244436,0.02431390517026413,0.18977627276985715,0.005082635911495217,0.00015990950321500194,0,0,0,0,0,0,0,0.0017048370540707438,0.0044922185363545425,0.023601747669578024,0.013287912388154167,0,0,0,0,0,0,0,0,0,0,0,0,0,0,0,0,0,0,0,0,0,0,0,0,0,0,0,0,0,0,0,0,0
2.8711768661900785,3.1602779122792284,2.201274910126095,0,11.12172630070288,3.121073581129622,0,6.808678884822751,4.031162020888656,0.14093991990416035,0,0,0,0,0,0,0.003578876492317026,0.004619930778651242,0.12418259371436016,0,0,0.00031722639860471406,0.002642754259911316,0.00029873592634960554,0,0,0,0.002649783771808234,0.010160641626571727,0.018539872386617518,0.017374167302304788,0,0,0,1.0834113194393344,1.6986247155178573,0.9752800905457013,0.0955543336943796,0.06902182782808691,0,0,0.0027066060466192266,0.009552005404313571,0.01593586395440615,0.008022478622236479,0.02073956645365297,0.008380416119787452,0.44038675249683584,0.5420944522110946,0.02842575113813568,0,0,0,0,0,0,0,0,0,0,0,0,0,0,0,0,0,0,0,0,0,0,0,0,0,0.0011363761221679079,0.0076354305600734,0,0,0,0,0,0.015167394560933176
0,0,0.5620396730799295,5.141506540335494,0.05468751769562924,0.40744057319321647,6.808678884822751,0,12.14291110302208,1.8291473748608758,2.8534632496791237,6.836569350580178,10.8030473071508,3.3402742502569915,0.17543094520608785,0,0,0,0,0.42407267103138263,0.0010109223240552807,0,0,0,0,0,0,0,0,0,0,0,0,0,1.7161285104940898,1.0186627775150374,1.5583420774833092,0.38422555125805014,0.0043496949953604445,0,0,0,0.0031232524586857586,0.06516658089938308,0.21524709769849373,0.006421172980245248,0.009475114120383215,0.6000189550335198,5.7592462953991745,0.27612320939329316,0.054265811923832195,0.05831961929926965,0.5442242328265378,0.3571964316397856,0.029806201333284266,0,0,0,0,0,0,0,0,0,0,0,0,0,0,0,0,0,0,0,0,0.015532249807760858,0.03902768660043648,0.011203118644297634,0,0,0,0,0.18217596548679119
0,0,0,0,0.049804212902629326,2.4431577029123335,4.031162020888656,12.14291110302208,0,10.909242942887229,0,0,0,0,0,0.003159456352921168,0.0020909915176275046,0.07503839389042775,0.25462996961666245,0,0,0,0.002888820686161842,0,0,0,0,0,0.02300326204047794,0.009771019186451903,0.0033910023973607716,0,0,0,0.0031400245686282074,0.014327406820100825,0.01525502054734918,0.0031762172836168334,0,0,0,0,0,0,0,0,0.008420264643533536,0.012019841962394456,0.2764725597253516,0.12109936294059646,0.04545696611813221,0.0015040064313920662,0,0,0,0,0,0,0,0,0,0,0,0,0,0,0,0,0,0,0,0,0,0,0,0,0.001279993189078917,0,0,0,0,0,0
0,0,0,0,0.027574934256090162,12.78604400090782,0.14093991990416035,1.8291473748608758,10.909242942887229,0,0.43276540305886124,0,0,0,0,18.354325774028784,0.4157496252379862,0.05548685945869952,0.02013590863359767,0,0,0,0,0,0,0,0,0,0,0,0.0014613689116461147,1.110726370762221,0.1559828906501376,4.785227802851128,0.5272940938767046,0.1877379998813566,0.9598191019933849,0.5154704414418815,0,0,0,0,0,0,0,0,0,0,0.06540635654073254,0.016910600292753094,0.23985663577023242,0.16284650374494092,0,0,0.0010564768135580248,0,0.005330763126277529,0,0,0,0,0,0,0,0,0,0,0,0,0,0,0,0,0,0,0,0.0008545814268190964,0,0,0,0,0,0.514190441161703
0,0,0,0,0,0,0,2.8534632496791237,0,0.43276540305886124,0,0,0.06823355177675908,10.763617616643096,0.004222171039913428,0.3442756323099858,0.01841104757361888,0.10061556956530983,0,5.195923223112077,0,0,0,0,0,0,0,0,0,0,0,0.0050785465345010074,0.0001700362770467184,0,0.16442578679326386,0.025559964364813857,0.07284323020599474,0.02394783436686847,0,0,0,0,0,0,0,0,0,0,0.11309927890582143,0,0.1665485305374379,0.525674970521013,0,0.0009309375949620976,0.15250092482381253,0,0.06639658757514823,0.011971848489656118,0.004572259010381797,0,0.08604613517103536,0,0,0,0,0,0,0,0,0,0,0,0.0005207739944114491,0,0,0.0036122471594537326,0.003631550087023623,0.004407200716754492,0.0007319860304443879,0,0,0,0.09424906946256785
0.03244838960161184,0,0.0009829122737667702,9.928568056918094,0,0,0,6.836569350580178,0,0,0,0,2.9618224900383487,0.4343389368141843,0.1419143645162793,0,0,0,0,0.12184408187860278,0.0019050355447673352,0,0,0,0,0.00024369054401747654,0.0035464704104639453,0.02265160773653227,0,0,0,0,0,0,0,0,0.0017766353707785178,0,0.033761503175616145,0.0002672808814785009,0.0032911016968729095,0.005266644856879861,0,0.011686812612841225,0.7768381932795903,0,0,0.0005046395026336678,0.3236978989270405,0,0,0,4.870744990697253,0.19965576648204092,0.030225101593896693,0.009076545907255916,0,0,0,0,0,0,0,0,0,0,0,0,0,0,0,0,0,0,0,0,0.005578593565424999,0,0,0.023467535189882295,0,0,0
0.0007313403557059319,0,0,0.07864056642450021,0,0,0,10.8030473071508,0,0,0.06823355177675908,2.9618224900383487,0,3.804842148060703,0.40432066606276684,0,0,0,0,0.4437660125441051,0.010788413823218226,0.00011068550990446606,0,0,0,0.003007531017395356,0.0024240319383669875,0.0011113462400778875,0,0,0,0,0,0,0,0,0.0026122087533202018,0,0.005675846737135297,0.0040539413760751365,0,0,0,0.00012809821372778272,0.013965586948472539,0,0,0,0.48941808747534116,0,0,0,0.6797876065306263,4.4970903856844275,0.21738077967165922,0.026021539357897864,0,0,0,0,0.024361185572686853,0.00015481462716492394,0,0,0,0,0,0,0,0,0,0,0,0,0,0,0,0,0,0.001985217547979632,0,0,0
0,0,0,0.02913366070440665,0,0,0,3.3402742502569915,0,0,10.763617616643096,0.4343389368141843,3.804842148060703,0,3.316441945300649,0,0,0,0,2.8782877410693493,0.025200128255550767,0.0008943297175700296,0,0,0,0.0027033251124812816,0.0019811667601165274,0,0,0,0,0,0,0,0,0,0,0,0.0010451898479788082,0.004789040123775853,0,0,0,0,0.0010887503669513657,0,0,0,0.03936462235968251,0,0,0.11534322858916425,0.09455050364985755,0.4301094467756901,5.410041471705481,0.26011691813536886,0,0,0,0,0.24225703585166944,0,0,0,0,0,0,0,0,0,0,0,0,0,0,0,0,0,0,0.00010736678704972861,0,0,0
0,0,0,0.00581807150816544,0,0,0,0.17543094520608785,0,0,0.004222171039913428,0.1419143645162793,0.40432066606276684,3.316441945300649,0,0,0.001803619111418043,0,0,16.376585938388637,0.23805140530446456,0.21994984841392945,0,7.322309624379936,0.007881934846327567,0.3543228489755106,0.10231033357259296,0,0,0,0,0,0,0,0.007095697501048558,0,0.0006179129541892588,0,0.00025687084305537245,0.36889169531308635,0.00025106019630262243,0,0,0,0,0,0,0,0,0,0,0.000198773034017252,0.02640503026639828,0.04590714569045731,0.49645303833317306,2.8919859284909273,0,0,0,0,0.5503376456559592,0.0019805700076006103,0.00041223044793427423,0,0,0,0,0,0,0,0,0,0,0,0,0,0,0,0,0.00013710956654808135,0,0,0
0,0,0,0,0.0007569648659086765,0.10720654029580992,0,0,0.003159456352921168,18.354325774028784,0.3442756323099858,0,0,0,0,0,16.74669219368947,2.7322617395319364,0.058752559649337545,0,0,0,0,0,0,0,0,0.001799927874183106,0,0.001322265335258757,0.0018948559441440134,1.4740301582823538,0.9750736744974637,4.361850012888291,0.3497204824987469,0.015115320250965403,0.900624036609489,0.41055437101553555,0,0,0,0,0,0,0,0,0,0,0,0,0,0.04735200509932009,0,0,0,0,0.018732465345163797,0.010688740913609001,0,0,0,0,0,0,0,0,0,0,0,0,0,0,0,0,0,0,0,0,0,0,0,0,0.3481676014396775
0.004312103899835196,0.009130384900783023,0,0,0.10530335647942661,0.1890805266636814,0.003578876492317026,0,0.0020909915176275046,0.4157496252379862,0.01841104757361888,0,0,0,0.001803619111418043,16.74669219368947,0,1.9621461597525256,11.788190692064223,0.053084284445425366,0,0,0,0,0,0,0,0.0010326599435210053,0.022385483382176802,1.373277727550195,2.606473998862916,9.240284343927726,2.8517550883958505,2.4410011948691364,0.006912607221746754,0.0016775329710573734,0.5566437443208438,0.04840639964741089,0,0,0,0,0,0,0,0,0,0,0,0,0,0.0017940544848312596,0,0,0,0,0.0020543568005406106,0.0017663974780734546,0.01670455685239363,0,0.0013937275799080476,0,0,0,0,0,0,0,0,0,0,0,0,0,0,0,0,0,0,0,0,0,0
0,0,0,0,0.0005532827245913642,0.002112517298867044,0.004619930778651242,0,0.07503839389042775,0.05548685945869952,0.10061556956530983,0,0,0,0,2.7322617395319364,1.9621461597525256,0,24.043796167512486,4.427220166487587,0.7069671022279622,0.059888842419718,3.4872617043590846,0.03682687079129414,0.0780519737353363,0.0051202947015248496,0,0.0010439428926642814,0.047091017689515687,0.013705907199163926,0,0.2989245693661105,0.0009352368502323679,0.03781141987726965,0.6136968285896308,0.0010669967745112737,0.46077245909725134,0.1853208493926123,0.00014161459241990383,0.03863742451964653,0.0026694200614563795,0,0,0,0,0,0,0,0,0,0,0.0008476693543349533,0,0,0,0,0,0,0.13749408469049826,0,0.3153544062281645,0.00820261440238417,0.0016870179495429999,0.005969095760506768,0,0,0,0,0,0,0,0,0,0,0,0,0,0,0,0,0,0,0.0805367243823145
0,0,0,0,0.018903096572583548,0.022340021416644325,0.12418259371436016,0,0.25462996961666245,0.02013590863359767,0,0,0,0,0,0.058752559649337545,11.788190692064223,24.043796167512486,0,0.004794653990107187,0,0,7.423902563171076,0,0.2717935814789173,0.0032917908019226456,0,0.0027275132445442754,1.1461918044540929,4.017661535161696,2.8059306176470327,0.36421462035294927,0,0.011868468955718726,0.02458656022161005,0,0.31568686623279185,0.09012403569575494,0.0006088071315402832,0.02244345798432096,0.002157685142485716,0,0,0,0,0,0,0,0,0,0,0,0,0,0,0,0,0,0.0031556100389697078,0,0.003339660468779662,0,0,0,0,0,0,0,0,0,0,0,0,0,0,0,0,0,0,0,0,0,0
0,0,0,0,0,0,0,0.42407267103138263,0,0,5.195923223112077,0.12184408187860278,0.4437660125441051,2.8782877410693493,16.376585938388637,0,0.053084284445425366,4.427220166487587,0.004794653990107187,0,13.073321386572642,3.169792607829305,0.008551400393386999,4.333986993436897,0,0.1597316418475671,0.027341576607463242,0,0.0018119197950851882,0.0014114626710745688,0,0.06955353073415728,0,0,0.4739829968196848,0.001664964134192145,0.06457668774522342,0.01860835533524807,0,0.5330924364545812,0,0,0,0,0,0,0,0,0,0,0,0.0496281320774881,0.004917134984344661,0.05613145025517139,0.43227787732752077,0.597664598694098,0,0,0.28971367432563094,0,3.977178206506218,0.10097141981674919,0.03788462446664751,0.004273349799599768,0,0,0,0,0,0,0,0,0,0,0,0,0,0,0,0,0.0016740336165719267,0,0.011715132723299788
0,0,0,0,0,0,0,0.0010109223240552807,0,0,0,0.0019050355447673352,0.010788413823218226,0.025200128255550767,0.23805140530446456,0,0,0.7069671022279622,0,13.073321386572642,0,4.051246826738784,0.18972361914100785,0.7059326039350832,0.0019051135311250742,0.029558085906214896,0.000666871578949369,0,0,0,0,0.004580493841922207,0,0,0.013109320509068996,0,0.0003117756570904477,0,0,0.08723556908845861,0,0,0,0,0,0,0,0,0,0,0,0,0,0.0006748152836168454,0.0012783812795385257,0.011054702778437222,0,0,0.0011307275891067289,0,0.1765294031559055,0.4700565412545767,0.09720825233253813,0.011361867911843224,0.0369038180567932,0,0,0,0,0,0,0,0,0,0,0,0,0,0,0,0,0,0
0.0031234742203755874,0.0012107877527460294,0.00014426728621899063,0,0.00034921286396814025,0,0.00031722639860471406,0,0,0,0,0,0.00011068550990446606,0.0008943297175700296,0.21994984841392945,0,0,0.059888842419718,0,3.169792607829305,4.051246826738784,0,0.29142566675357756,6.007081848360231,0.0318010038331261,0.06470686457104033,0.0006872796720860315,0.005005226943833365,0.000736030509008542,0.0032227476405378977,0,0.005606150714601865,0,0,0.014784071313241628,0,0.004418038789611947,0,0,0.09184256074066419,0.001466613966752749,0,0,0,0,0,0,0,0,0,0,0,0,0,0,0.0017197561089307594,0,0,0,0,0.02525703212310327,0.34627954810769895,0.2818845453616746,0.01862096915558706,0.2764502900333174,0,0,0,0,0,0,0,0,0,0,0,0,0,0,0,0,0,0
0.019558441428677503,0.0033923149757582698,0.00021762013221039898,0,0.0008106747427721684,0,0.002642754259911316,0,0.002888820686161842,0,0,0,0,0,0,0,0,3.4872617043590846,7.423902563171076,0.008551400393386999,0.18972361914100785,0.29142566675357756,0,2.064926025983884,3.198792119169178,0.11032988780096176,0.004114712714383695,0.026623978167144322,6.332362177904435,1.7079393227655049,0.0013755890795011858,0.2707456107798154,0,0.0053929393281315656,0.08498198854043047,0,0.21728071684288477,0.019861316050804104,0.00125875514538506,0.0339443077214169,0.028080643564741704,0,0,0,0,0,0,0,0,0,0,0,0,0,0,0,0,0,0,0,0.003949289035324935,0.0067532987711567335,0.009410275927843216,0.02178651006069367,0.0033031053091590887,0,0,0,0,0,0,0,0,0,0,0,0,0,0,0,0,0,0
0.02530715524662937,0.010683081192744201,0.001479643498450601,0,0.0004005894390997053,0,0.00029873592634960554,0,0,0,0,0,0,0,7.322309624379936,0,0,0.03682687079129414,0,4.333986993436897,0.7059326039350832,6.007081848360231,2.064926025983884,0,14.719560085891407,2.9143145670472204,0.05321434714671694,0.04151595142853047,0.030008353931718315,0.0374328909213084,0,0.017419470102782362,0,0,0.033354241566763206,0,0.03987663387529392,0,0.0005153902694486984,0.49928558910877274,0.00558356035301634,0,0,0,0,0,0,0,0,0,0,0,0,0,0,0,0,0,0,0,0,0.011354020750106277,0.03432768627449282,0.011322957275176892,0.8486913436725555,0,0,0,0,0,0,0,0,0,0,0,0,0,0,0,0,0,0
0.0013969997599247313,0,0.0002966086361405513,0.001456205506851217,0,0,0,0,0,0,0,0,0,0,0.007881934846327567,0,0,0.0780519737353363,0.2717935814789173,0,0.0019051135311250742,0.0318010038331261,3.198792119169178,14.719560085891407,0,17.80766994676942,11.743076117454086,0.7225767071314126,31.80740449541379,0.011848918356201376,0,0,0,0,0.10907198269705999,0,0.005234053656383881,0.001826127071383572,0.0020463673005437647,1.6425832410683807,0.3487533885971262,0,0,0,0,0,0,0,0,0,0,0,0,0,0,0,0,0,0,0,0,0,0,0,0,0,0,0,0,0,0,0,0,0,0,0,0,0,0,0,0,0,0
0,0,0,0,0,0,0,0,0,0,0,0.00024369054401747654,0.003007531017395356,0.0027033251124812816,0.3543228489755106,0,0,0.0051202947015248496,0.0032917908019226456,0.1597316418475671,0.029558085906214896,0.06470686457104033,0.11032988780096176,2.9143145670472204,17.80766994676942,0,3.623953559687609,0.024206970763864123,0.07123155088980408,0,0,0,0,0,0,0,0,0,0.00012981108288652904,2.240460488715118,0.05835346216342795,0,0,0,0,0,0,0,0,0,0,0,0,0,0,0,0,0,0,0,0,0,0,0,0,0,0,0,0,0,0,0,0,0,0,0,0,0,0,0,0,0,0.029468879681261582
0.0303895192735293,0,3.0080748370195017e-05,0.030187552790535623,0,0,0,0,0,0,0,0.0035464704104639453,0.0024240319383669875,0.0019811667601165274,0.10231033357259296,0,0,0,0,0.027341576607463242,0.000666871578949369,0.0006872796720860315,0.004114712714383695,0.05321434714671694,11.743076117454086,3.623953559687609,0,4.50010716465893,0.04638623108325602,0,0,0,0,0,0.46723599372599406,0.010226461191504554,0.024944943600199988,0.044618837133360525,0.02369160369385377,4.411634826028624,6.243253290916507,0,0,0,0,0,0,0,0,0,0,0,0,0,0,0,0,0,0,0,0,0,0,0,0,0,0,0,0,0,0,0,0,0,0,0,0,0,0,3.715391733638015e-05,0,0,0.001044727641558468
0.5905677178217736,0.007421471024227715,0.012332032828790631,0.19993499995433692,0,0,0.002649783771808234,0,0,0,0,0.02265160773653227,0.0011113462400778875,0,0,0.001799927874183106,0.0010326599435210053,0.0010439428926642814,0.0027275132445442754,0,0,0.005005226943833365,0.026623978167144322,0.04151595142853047,0.7225767071314126,0.024206970763864123,4.50010716465893,0,1.6978058774978804,2.182637195447383,0,4.225651146518717,7.808240268845153e-05,0.2576499588984436,0.3779243346234772,0.025063460925488053,0.5285494805672113,0.12776361241852371,0.07645057898681268,0.3083414665733451,1.5957744720719211,0.0005307648775661486,0,2.7064188897816853e-05,0.010090849698769121,0,0,0,0,0,0,0,0.0009357110927600431,0.00015819229361686588,0,0,0,0,0,0,0,0,0,0,0,0,0,0,0.00026117618344591174,0,0,0,0,0,0,0,0.0013258603902339195,0,0,0.005250655177346746,0,0,0.0039926683157157335
0.003093749550780039,0.00039914033315069163,0.0006572798586247153,0,0,0,0.010160641626571727,0,0.02300326204047794,0,0,0,0,0,0,0,0.022385483382176802,0.047091017689515687,1.1461918044540929,0.0018119197950851882,0,0.000736030509008542,6.332362177904435,0.030008353931718315,31.80740449541379,0.07123155088980408,0.04638623108325602,1.6978058774978804,0,36.08089215409636,0.1358445769173652,0.012580686017082718,0,0,0.03082016085665251,0,0.033530192034383316,0.007714135015522077,0.0032226925651567197,0.4218249653608615,0.0459148530939773,0,0,0,0,0,0,0,0,0,0,0,0,0,0,0,0,0,0,0,0,0,0,0,0,0,0,0,0,0,0,0,0,0,0,0,0,0,0,0,0,0,0
0.03732631029224696,0.0011902135038146936,0.0014132238487881805,0,0.0052409951916929905,0.0028256735411466795,0.018539872386617518,0,0.009771019186451903,0,0,0,0,0,0,0.001322265335258757,1.373277727550195,0.013705907199163926,4.017661535161696,0.0014114626710745688,0,0.0032227476405378977,1.7079393227655049,0.0374328909213084,0.011848918356201376,0,0,2.182637195447383,36.08089215409636,0,10.356274645529787,29.474297103164638,0,0.0013562253452040264,0,0,0.14183676511827034,0.009566445119877415,0.0014178143400246466,0.06845042777965,0,0,0,0,0,0,0,0,0,0,0,0,0,0,0,0,0,0,0,0,0,0,0,0,0,0,0,0,0,0,0,0,0,0,0,0,0,0,0,0,0,0,0
0,0.0012466299109422413,0,0,0.012852858164642007,0.008882023245864337,0.017374167302304788,0,0.0033910023973607716,0.0014613689116461147,0,0,0,0,0,0.0018948559441440134,2.606473998862916,0,2.8059306176470327,0,0,0,0.0013755890795011858,0,0,0,0,0,0.1358445769173652,10.356274645529787,0,3.977124289014791,0,0.0047047295710441845,0,0,0.031306481229009274,0.007171338329948786,0,0,0,0,0,0,0,0,0,0,0,0,0,0,0,0,0,0,0,0,0,0,0,0,0,0,0,0,0,0,0,0,0,0,0,0,0,0,0,0,0,0,0,0,0
0.9791528729093499,0.04371803796143898,0.0012912328127847228,0.0026701481152970313,0.0361704908186128,0.3696948589285196,0,0,0,1.110726370762221,0.0050785465345010074,0,0,0,0,1.4740301582823538,9.240284343927726,0.2989245693661105,0.36421462035294927,0.06955353073415728,0.004580493841922207,0.005606150714601865,0.2707456107798154,0.017419470102782362,0,0,0,4.225651146518717,0.012580686017082718,29.474297103164638,3.977124289014791,0,5.976437008388937,5.978854027726436,0,0,1.0557592159785294,0.0010920968517020614,0.0004587351843875536,0.004888515826783868,0.004910462392169842,0,0,0,0,0,0,0,0,0,0,0.0004301078663140194,0,0,0,0,0,0,0.0011948045274165718,0,0,0,0,0,0,0,0,0,0,0,0,0,0,0,0,0,0,0,0,0,0,0,0
0.0003584187715093754,6.439393122123557e-05,0,0,0,0.0011021553788519373,0,0,0,0.1559828906501376,0.0001700362770467184,0,0,0,0,0.9750736744974637,2.8517550883958505,0.0009352368502323679,0,0,0,0,0,0,0,0,0,7.808240268845153e-05,0,0,0,5.976437008388937,0,3.6883954172643585,0,0.0010161021099193328,0.10549198474997784,0,0,0,0,0,0,0,0,0,0,0,0,0,0,0,0,0,0,0,0,0.0001912493510939291,0,0,0,0,0,0,0,0,0,0,0,0,0,0,0,0,0,0,0,0,0,0,0,0,0
10.286570293798052,0.3887665941426663,0,0,2.6691404376940486,11.009164277134216,0,0,0,4.785227802851128,0,0,0,0,0,4.361850012888291,2.4410011948691364,0.03781141987726965,0.011868468955718726,0,0,0,0.0053929393281315656,0,0,0,0,0.2576499588984436,0,0.0013562253452040264,0.0047047295710441845,5.978854027726436,3.6883954172643585,0,0,0.0010857066748440228,2.702491240852563,0.0010873821667998758,0,0,0,0,0,0,0,0,0,0,0,0,0,0,0,0,0,0,0,0,0,0,0,0,0,0,0,0,0,0,0,0,0,0,0,0,0,0,0,0,0,0,0,0,0
0.01794812160535197,0.4429707819423118,0.11161717076105397,0.0014724877810611786,0.4595569649653529,0.023363285137244436,1.0834113194393344,1.7161285104940898,0.0031400245686282074,0.5272940938767046,0.16442578679326386,0,0,0,0.007095697501048558,0.3497204824987469,0.006912607221746754,0.6136968285896308,0.02458656022161005,0.4739829968196848,0.013109320509068996,0.014784071313241628,0.08498198854043047,0.033354241566763206,0.10907198269705999,0,0.46723599372599406,0.3779243346234772,0.03082016085665251,0,0,0,0,0,0,16.246115748665893,0.6516624878381037,0.9496958495946768,0.7122628860853463,8.214602368891406,2.4718277925346763,0,0,0,0,0,0,0.0016313699374269797,0,0,0,0.0009149920443390085,0,0,0,0,0,0,0,0,0,0,0,0,0,0,0,0,0,0,0,0,0,0,0,0.18845340322073653,0,0,0,0,0,0,13.811615565287381
0.27807523091385283,0.8309410258570986,0.3505403859029263,0.18653479734055906,0.461259947328814,0.02431390517026413,1.6986247155178573,1.0186627775150374,0.014327406820100825,0.1877379998813566,0.025559964364813857,0,0,0,0,0.015115320250965403,0.0016775329710573734,0.0010669967745112737,0,0.001664964134192145,0,0,0,0,0,0,0.010226461191504554,0.025063460925488053,0,0,0,0,0.0010161021099193328,0.0010857066748440228,16.246115748665893,0,2.828915084330967,1.1501331174665532,5.642421399538402,0.19966294426378878,0.1584399380662671,0,0.0017099282030740067,0.001435263635607655,0.006516336799723548,0.0008029420114572122,0,0.011353853809646972,0.030131363842901045,0,0,0.004420416075762591,0,0,0,0,0,0,0,0,0,0,0,0,0,0,0,0,0,0,0,0,0,0,0,0.005440096959646679,0.0078979400844315,0,0,0.0028971661716379955,0,0,1.5393202620332693
0.7740430025598869,0.5961359589426954,0.2539323547792363,0.1322183857745715,0.5542521438568884,0.18977627276985715,0.9752800905457013,1.5583420774833092,0.01525502054734918,0.9598191019933849,0.07284323020599474,0.0017766353707785178,0.0026122087533202018,0,0.0006179129541892588,0.900624036609489,0.5566437443208438,0.46077245909725134,0.31568686623279185,0.06457668774522342,0.0003117756570904477,0.004418038789611947,0.21728071684288477,0.03987663387529392,0.005234053656383881,0,0.024944943600199988,0.5285494805672113,0.033530192034383316,0.14183676511827034,0.031306481229009274,1.0557592159785294,0.10549198474997784,2.702491240852563,0.6516624878381037,2.828915084330967,0,25.86549017168645,1.5165955859975926,0.015220455631889637,0.4005401186714283,0,0,0.0001741980689063407,0.001186236141945494,0,0,0,0.0020407572509477303,0,0,0.0003711867818044617,0,0,0,0,0,0,0,0,0,0,0,0,0,0,0,0,0,0,0,0,0,0,0,0,0,0,0,0.00046215469637627066,0,0,0.476954572369019
0.023885458818463257,0.0901508338906038,0.018995053003353097,0,0.0633166407389419,0.005082635911495217,0.0955543336943796,0.38422555125805014,0.0031762172836168334,0.5154704414418815,0.02394783436686847,0,0,0,0,0.41055437101553555,0.04840639964741089,0.1853208493926123,0.09012403569575494,0.01860835533524807,0,0,0.019861316050804104,0,0.001826127071383572,0,0.044618837133360525,0.12776361241852371,0.007714135015522077,0.009566445119877415,0.007171338329948786,0.0010920968517020614,0,0.0010873821667998758,0.9496958495946768,1.1501331174665532,25.86549017168645,0,0.17377581084098165,0.010601841415600907,0.9880176858445264,0,0,0,0,0,0,0,0,0,0,0.0009191122192480783,0,0,0,0,0,0,0,0,0,0,0,0,0,0,0,0,0,0,0,0,0,0,0,0,0,0,0,0.0002962566851217943,0,0,3.844746029814267
0.13214736760205625,0.020843238745616808,0.09146978944828289,0.20288170580666812,0,0.00015990950321500194,0.06902182782808691,0.0043496949953604445,0,0,0,0.033761503175616145,0.005675846737135297,0.0010451898479788082,0.00025687084305537245,0,0,0.00014161459241990383,0.0006088071315402832,0,0,0,0.00125875514538506,0.0005153902694486984,0.0020463673005437647,0.00012981108288652904,0.02369160369385377,0.07645057898681268,0.0032226925651567197,0.0014178143400246466,0,0.0004587351843875536,0,0,0.7122628860853463,5.642421399538402,1.5165955859975926,0.17377581084098165,0,0.046921046957797474,0.12503407328845814,0.00038337646563622066,0,0.0009808492835713264,0.01718083093365397,0,0,0,0,0,0,0,0.0022430922760282718,0,0,0,0,0,0,0,0,0,0,0,0,0,0,0,0.0016441103636531166,0.00032031609903681273,0,0,0,0,0,0,0.004920395522160174,0.025488206236321573,0,0.05162753746899067,0,0,0.019505275896853393
0.0023776635142770913,0.006131780412555886,0.0003974854625393784,0,0,0,0,0,0,0,0,0.0002672808814785009,0.0040539413760751365,0.004789040123775853,0.36889169531308635,0,0,0.03863742451964653,0.02244345798432096,0.5330924364545812,0.08723556908845861,0.09184256074066419,0.0339443077214169,0.49928558910877274,1.6425832410683807,2.240460488715118,4.411634826028624,0.3083414665733451,0.4218249653608615,0.06845042777965,0,0.004888515826783868,0,0,8.214602368891406,0.19966294426378878,0.015220455631889637,0.010601841415600907,0.046921046957797474,0,8.986246652224207,0,0,0,0,0,0,0,0,0,0,0,0,0,0,0,0,0,0,0,0,0.0005310519719754646,0.0034870278674266637,0,0.0027526374452973754,0,0,0,0,0,0,0,0,0,0,0,0,0,0,0.0003071541394485555,0.05166825434108377,0,0.018815120547610996
0.02687935159903545,0.002692934158736248,0.0005845674909898421,0.008764018472341182,0,0,0,0,0,0,0,0.0032911016968729095,0,0,0.00025106019630262243,0,0,0.0026694200614563795,0.002157685142485716,0,0,0.001466613966752749,0.028080643564741704,0.00558356035301634,0.3487533885971262,0.05835346216342795,6.243253290916507,1.5957744720719211,0.0459148530939773,0,0,0.004910462392169842,0,0,2.4718277925346763,0.1584399380662671,0.4005401186714283,0.9880176858445264,0.12503407328845814,8.986246652224207,0,0,0,0,0,0,0,0,0,0,0,0,0,0,0,0,0,0,0,0,0,0,0,0,0,0,0,0,0,0,0,0,0,0,0,0,0,0,0,0.00039664111327209536,0,0,0.4190658083334333
0.000589931774676221,0.001370939476160742,0.0031593131397127223,0.08300878880297709,0,0,0.0027066060466192266,0,0,0,0,0.005266644856879861,0,0,0,0,0,0,0,0,0,0,0,0,0,0,0,0.0005307648775661486,0,0,0,0,0,0,0,0,0,0,0.00038337646563622066,0,0,0,12.972252245145448,0.2543513296836812,12.968155204836107,2.9402773671255042,0.22774866879552988,2.1536994633169226,0,0,0,0,0.022271039798323736,0.0010460391666121914,0,0,0,0,0,0,0,0,0.00010665686514040906,0.020453861331351447,0.0077465522958181715,0,0,0.05211535766607885,0.44954552561179245,0.0018440127802866863,0.008094512481978601,0.0004378034501957074,0.9359685452823937,0,9.193518649137333,0.1775799555779726,0.4480781533226756,0.7401589498033984,0.03523200926209453,0.18876597410877666,0,0.012273607897880644,0
0.00024104982029089686,0.004091959063118403,0.005197636754059079,0.0031417276535322686,0.0005445633238559767,0,0.009552005404313571,0.0031232524586857586,0,0,0,0,0,0,0,0,0,0,0,0,0,0,0,0,0,0,0,0,0,0,0,0,0,0,0,0.0017099282030740067,0,0,0,0,0,12.972252245145448,0,0.004946518853259927,0,7.555850251548248,0.13392741633481284,1.8545357241202605,0.001732839046112913,0,0,0,0,0,0,0,0,0,0,0,0,0,7.03645684349109e-05,0.0033383508270178573,0.0011864699128910034,0,0,0,0.0031053409360331744,0,0.002161533190120895,0.0008676991366766623,0.1001792505750943,0,0.24077457406533884,0.37470021417596094,0.5437416624828845,0.38184210819487435,0.07313859783076113,0.006569162565944138,0.002902371720420284,0,0.0018959379278415797
0.0012735744357330121,0.002728971557341621,0.028201844084200116,0.15428267643746207,0.00012383736262011808,0,0.01593586395440615,0.06516658089938308,0,0,0,0.011686812612841225,0.00012809821372778272,0,0,0,0,0,0,0,0,0,0,0,0,0,0,2.7064188897816853e-05,0,0,0,0,0,0,0,0.001435263635607655,0.0001741980689063407,0,0.0009808492835713264,0,0,0.2543513296836812,0.004946518853259927,0,1.2086043222031508,0,0,1.619827096298701,0.47007717928854237,0,0,0,0.0062599719974919185,0.00032517273855169076,6.554831152293161e-05,0.0002945575553758966,0,0,0,0,0.00012200034877723565,0,4.815400317308511e-05,0.0020306657299966955,0.0013078109805086723,0,0,0.00014221792071176368,0.00296270133285054,0,0.0001388367907450872,0,0.0009715769711360164,0,0.00016705118426372923,0.07653989196309298,0.2125922885632297,0.1482166631399911,0.011416875218677743,0.037393836516446476,0,0,0
0.017824416089517486,0.0013915546281754521,0.0632351118569385,5.2492283535479,0,0,0.008022478622236479,0.21524709769849373,0,0,0,0.7768381932795903,0.013965586948472539,0.0010887503669513657,0,0,0,0,0,0,0,0,0,0,0,0,0,0.010090849698769121,0,0,0,0,0,0,0,0.006516336799723548,0.001186236141945494,0,0.01718083093365397,0,0,12.968155204836107,0,1.2086043222031508,0,0,0,0,3.7190767210443525,0,0,0,8.071330439162603,0.11687086696092505,0.03531052084565885,0.00749730983350233,0,0,0,0,0.002461325874844908,0,0,0,0,0,0,0.000220090008716059,0.03633003680689785,0,0,0,0,0,0.0009124996602417378,0.0012429026468619407,0.3596704038648253,0.053657318889332686,0,0.20659523666142096,0,0.0016597730934383489,0
0,0.0003726932201790039,0.0002016208888538326,0,0.00164514624612599,0,0.02073956645365297,0.006421172980245248,0,0,0,0,0,0,0,0,0,0,0,0,0,0,0,0,0,0,0,0,0,0,0,0,0,0,0,0.0008029420114572122,0,0,0,0,0,2.9402773671255042,7.555850251548248,0,0,0,9.408873691214232,8.215130701440069,0.022553053534202002,0.024528169044283153,0.010768839135686133,0,0,0,0,0,0,0.006056653615948484,0,0.001233315231321496,0,0,0,0.0017125253892746777,0,0,0,0,0.0007743602352676477,0.003637405840677471,0.03914509760831429,0.013377478904199632,0.06464636175791987,0.0002726921065529501,2.5582148917983365,0.461729517321277,0.296422348963233,0.39565296414720447,0.12476397692429142,0,0.0016486151161443853,0,0.0014327946536166253
0,0,0,0,0,0.0017048370540707438,0.008380416119787452,0.009475114120383215,0.008420264643533536,0,0,0,0,0,0,0,0,0,0,0,0,0,0,0,0,0,0,0,0,0,0,0,0,0,0,0,0,0,0,0,0,0.22774866879552988,0.13392741633481284,0,0,9.408873691214232,0,5.747276477128479,0.3079743232888507,3.5357333756952682,12.40952831441446,0,0,0,0,0,0.03159773975324513,0.10002174524072967,0,0.013407190336733741,0,0,0,0,0,0,0,0,0,0.01989608124907208,0.0873816074884487,0.03534451973470915,0.34061890712734383,0.00135548760135713,10.149821312113382,0.056355751305952106,0.1844484672592427,0.0872121280215619,0.01127806440907682,0,0,0,0
0,0.009482824162721214,0.03240880547232257,0.022626979963634317,0.01707330794304581,0.0044922185363545425,0.44038675249683584,0.6000189550335198,0.012019841962394456,0,0,0.0005046395026336678,0,0,0,0,0,0,0,0,0,0,0,0,0,0,0,0,0,0,0,0,0,0,0.0016313699374269797,0.011353853809646972,0,0,0,0,0,2.1536994633169226,1.8545357241202605,1.619827096298701,0,8.215130701440069,5.747276477128479,0,7.256839127392003,5.209146602363862,0.13156907219152794,0,0,0,0,0,0,0.0009463096290797377,0.0004917707913068589,0.02606254863858502,0,0,0,0.013523460640814788,0,0.0008674150245895415,0,0,0,0.04501990215036535,0.052490880723580706,0.007201365559299717,0,0,0.00876130816696065,0.7989479208733947,1.221863640899234,0.710281258957712,0.09281299220275287,0.033870782117530376,0,0,0
0,0.0017997730829464025,0.054413544111771656,0.2873294344213181,0,0.023601747669578024,0.5420944522110946,5.7592462953991745,0.2764725597253516,0.06540635654073254,0.11309927890582143,0.3236978989270405,0.48941808747534116,0.03936462235968251,0,0,0,0,0,0,0,0,0,0,0,0,0,0,0,0,0,0,0,0,0,0.030131363842901045,0.0020407572509477303,0,0,0,0,0,0.001732839046112913,0.47007717928854237,3.7190767210443525,0.022553053534202002,0.3079743232888507,7.256839127392003,0,11.318436581765926,2.060234690601269,2.671891434806467,8.047420076779275,8.191376746006025,3.782913220336731,0.16873088761716146,0,0,0,0,0.3747853433782449,0.0022353638043052836,0,0.0011445419879558625,0,0,0.001654456584274989,0,0,0,0,0,0,0,0.010816790798989187,1.5206528528251688,1.1912364036451086,1.3862212163357053,0.5225137759408769,0.003564076285589519,0,0,0.10658953779142347
0,0,0,0,0,0.013287912388154167,0.02842575113813568,0.27612320939329316,0.12109936294059646,0.016910600292753094,0,0,0,0,0,0,0,0,0,0,0,0,0,0,0,0,0,0,0,0,0,0,0,0,0,0,0,0,0,0,0,0,0,0,0,0.024528169044283153,3.5357333756952682,5.209146602363862,11.318436581765926,0,11.197738777162098,0,0,0,0,0,0.0021846147641383065,0.008824076212193511,0.028385748601180823,0.2074625553188822,0,0,0,0.018722763036222622,0,0.0014939211819700472,0,0,0,0.08879773569924136,0.048797437088704855,0.008588409844583969,0,0,0,0,0.21253103895473086,0.035821604046492796,0.006597931222535729,0.00012090021256996304,0,0,0
0,0,0,0,0,0,0,0.054265811923832195,0.04545696611813221,0.23985663577023242,0.1665485305374379,0,0,0,0,0,0,0,0,0,0,0,0,0,0,0,0,0,0,0,0,0,0,0,0,0,0,0,0,0,0,0,0,0,0,0.010768839135686133,12.40952831441446,0.13156907219152794,2.060234690601269,11.197738777162098,0,0.4929792630741279,0,0,0,0,18.30178961300807,0.5276248785749589,0.018887382149682285,0.017524377033836944,0,0,0,0.0015129606746950431,0,0,0,0,0,0.006054812950833925,0.005874174745076972,0.003543416621634513,1.49227515616579,0.4604731215546458,6.83447953538212,0.34067272857756886,0.5875943668314336,0.7116164622671065,0.4149222569751846,0,0.0012859095671545215,0,0.276787125691105
0,0,0,0,0,0,0,0.05831961929926965,0.0015040064313920662,0.16284650374494092,0.525674970521013,0,0,0.11534322858916425,0.000198773034017252,0.04735200509932009,0.0017940544848312596,0.0008476693543349533,0,0.0496281320774881,0,0,0,0,0,0,0,0,0,0,0,0.0004301078663140194,0,0,0.0009149920443390085,0.004420416075762591,0.0003711867818044617,0.0009191122192480783,0,0,0,0,0,0,0,0,0,0,2.671891434806467,0,0.4929792630741279,0,0.0022630271625089255,0.0273936140684767,7.353211498628035,0,0.389744617702264,0.003848734877426531,0.07211487106307597,0,2.4551304951863875,0,0,0,0,0,0,0,0,0,0,0,0,0,0,0.08033597627393065,0.013195312288737122,0.046523481213501666,0.01076208324435055,0,0,0,0.05125842178962654
0,0,0.004020745060890524,0.8531399210352337,0,0,0,0.5442242328265378,0,0,0,4.870744990697253,0.6797876065306263,0.09455050364985755,0.02640503026639828,0,0,0,0,0.004917134984344661,0,0,0,0,0,0,0,0.0009357110927600431,0,0,0,0,0,0,0,0,0,0,0.0022430922760282718,0,0,0.022271039798323736,0,0.0062599719974919185,8.071330439162603,0,0,0,8.047420076779275,0,0,0.0022630271625089255,0,2.8880483883560073,0.3196375075123515,0.1255142471994801,0,0,0,0,0.15244752419156707,0.004447059038114969,0.00026179384059248523,0,0.0003091702704376926,0,0.0007189854990048106,0.00030963506993093273,0.00513644761127215,0,0,0,0,0,0,0,0.008685833337319954,0,0,0.2124750585980014,0,0.0010005160438590777,0
0,0,0,0.018007847343029116,0,0,0,0.3571964316397856,0,0,0.0009309375949620976,0.19965576648204092,4.4970903856844275,0.4301094467756901,0.04590714569045731,0,0,0,0,0.05613145025517139,0.0006748152836168454,0,0,0,0,0,0,0.00015819229361686588,0,0,0,0,0,0,0,0,0,0,0,0,0,0.0010460391666121914,0,0.00032517273855169076,0.11687086696092505,0,0,0,8.191376746006025,0,0,0.0273936140684767,2.8880483883560073,0,2.295324829731313,0.2850451762853457,0,0,0,0,0.32894468863956206,0.013349576893045358,0.0005710523249128028,0,0.0005637393444506732,0,0.002511732444795809,0.0014742006095836814,0.0006020528181141498,0,0,0,0,0,0,0,0.0014888453845590776,0.001174420778462381,0,0.06988410281500386,0.0008977562337999118,0,0
0,0,0,0.0016310310586074843,0,0,0,0.029806201333284266,0,0.0010564768135580248,0.15250092482381253,0.030225101593896693,0.21738077967165922,5.410041471705481,0.49645303833317306,0,0,0,0,0.43227787732752077,0.0012783812795385257,0,0,0,0,0,0,0,0,0,0,0,0,0,0,0,0,0,0,0,0,0,0,6.554831152293161e-05,0.03531052084565885,0,0,0,3.782913220336731,0,0,7.353211498628035,0.3196375075123515,2.295324829731313,0,3.153693652342359,0,0,0,0,2.90854003262661,0.04992163046360655,0.003038401337291072,0,0.0011793994271854988,0,0.0008639930652314538,0,0,0,0,0,0,0,0,0,0.0008692711741903225,0,0,0.02400527649550703,0.000720362068682959,0,0
0,0,0,0,0,0,0,0,0,0,0,0.009076545907255916,0.026021539357897864,0.26011691813536886,2.8919859284909273,0,0,0,0,0.597664598694098,0.011054702778437222,0.0017197561089307594,0,0,0,0,0,0,0,0,0,0,0,0,0,0,0,0,0,0,0,0,0,0.0002945575553758966,0.00749730983350233,0,0,0,0.16873088761716146,0,0,0,0.1255142471994801,0.2850451762853457,3.153693652342359,0,0,0,0.001011233366439209,0,13.768550395271147,0.2808630376496247,0.3648960367961298,0,8.544917948942663,0.04835274960407579,0.9261972401386785,0.2353331511695824,0.0017494649774866893,0,0,0,0.0007642520283761576,0,0,0.019379328001233508,0,0,0,0.006189082252337903,0.5900155138523535,0.005203350711351101,0
0,0,0,0,0,0,0,0,0,0.005330763126277529,0.06639658757514823,0,0,0,0,0.018732465345163797,0.0020543568005406106,0,0,0,0,0,0,0,0,0,0,0,0,0,0,0,0,0,0,0,0,0,0,0,0,0,0,0,0,0,0.03159773975324513,0,0,0.0021846147641383065,18.30178961300807,0.389744617702264,0,0,0,0,0,17.247787918492016,4.73347331968739,0.009863082622531312,0,0,0,0,0,0,0,0,0.0010825236700844451,0,0,0,2.2480916083901277,2.2621708395903846,5.030911889917163,0.46284179762525113,0.0973436743780375,0.8188944576575978,0.40983232176403234,0,0.003042014767361188,0,0.34333898709090993
