0,1.0667261822916156,0.011771439963061186,1.4723800646961196,0.11671865830821603,0.0034871413485222736,0.1657239146317404,0.0002486718954766288,0,0.00023183139248231802,0,0.0009213375665537782,4.0498781959745664e-05,1.2899594865773327e-05,1.1292915425960335e-06,0.00022803108941367716,0.0004182108353557215,0.00014475066029719433,0.00016427614193611335,6.568631787091157e-05,8.887869465093369e-06,5.9201799600510124e-05,0.0002586332587222209,0.00027499290380379434,0.00018453282210518628,6.7808746887296725e-06,0.0010307351322747763,0.012480986892783269,0.00031804720565716595,0.0009600970847335056,3.959264990742772e-05,0.02256002604761904,3.6392534754962425e-05,0.7841035507095231,0.0013325237597023487,0.005377210372915994,0.014595103763928332,0.0007413168549956989,0.002481897623275986,0.0003018327436433389,0.0009255472323532167,6.019246381905152e-05,8.344574708478195e-06,2.7931699063976706e-05,0.0005299461317115305,0,0,1.9898180998857224e-05,5.874917047254767e-05,0,0,0,9.410874070411339e-05,8.095961783217578e-07,0,0,0,0,0,0,8.221344497009718e-06,0,0,0,3.4886742430511037e-07,0,0,0,1.1006299127606595e-06,0,4.300145879409268e-07,0,9.264755135732973e-07,0,0,8.009739052009476e-07,0.00011882849641873443,9.310125591854053e-07,0,9.227019436454912e-05,0,0,0.00030285445677469085
1.0667261822916156,0,0.0002321662652519096,3.183183080284668e-05,0.8436129421465665,0.0033611131608085277,0.16149296645009356,0.0004323277029367728,6.930836818752366e-06,0.00016759807306976026,8.638234359691362e-07,0,0,0,0,0.000132686021319801,0.00033840868730946705,9.34894501910388e-05,0.00011949913207466971,5.117771252332415e-05,1.6276713235851364e-06,2.6079921322400298e-05,0.00011467202451800456,0.00013910793824183158,7.37440255861582e-05,8.442366848168203e-07,1.036335936689461e-05,0.0001467371239467953,0.00010144586902354296,0.00026474915132181824,3.332992655194126e-05,0.001010062167861811,9.093795936886526e-06,0.007799824181259656,0.0053574118123604735,0.015531866081839004,0.010070214654633376,0.0014022966180353416,0.00034720156901773365,0.00020183065689590744,8.915714199359977e-05,1.9852536242142933e-05,5.3089290973289015e-05,3.2917820879744025e-05,3.6520361460588284e-05,1.6536001717900198e-05,1.0906379596658326e-06,0.00021671954591145003,0.00021201901257376078,1.548961337384189e-06,0,0,0,0,0,0,0,0,0,0,3.1080358437393164e-06,0,0,0,0,0,0,0,0,0,0,0,7.710674832589646e-07,0,0,3.948979489599024e-05,6.287297701027351e-05,9.028072181046532e-06,5.329905466999746e-07,7.816489161257613e-06,0,0,0.0008555288668085518
0.011771439963061186,0.0002321662652519096,0,0.12559034215764406,5.838341039035109e-06,5.106992413580777e-07,0.1738234391348596,0.01991119616325807,1.5120672811854362e-06,5.6415098458499545e-06,2.3110870378893026e-07,2.8092328184936432e-05,2.1154040814665525e-06,1.1932773244698305e-06,3.1371877608965244e-07,4.171444933211872e-06,5.786605704199012e-06,1.541681014032241e-05,1.7180148178255847e-05,1.7702848199533777e-05,8.442221071539795e-08,1.3367854900356795e-06,1.5976806797555004e-05,2.829839200747627e-05,2.3498134348744197e-05,4.3237500216402633e-07,5.366836730550427e-06,0.00011275795801189528,3.233176614901779e-05,6.300647531940151e-05,3.001376422499736e-07,6.996918910939483e-05,0,3.8540911877633075e-05,0.0012067965007621722,0.006236894407487685,0.003843358137162337,0.0002724453379964361,0.0014786187623719135,4.341586816432164e-05,2.4197327763417243e-05,6.837154029902464e-05,5.841062576969045e-05,0.0003001483733477624,0.0006797258239278721,1.0148496697871018e-05,1.2097933795326898e-06,0.00031904137010671036,0.0005448323030140603,2.1881562041010333e-06,1.844738756772666e-06,0,7.633418535630737e-05,2.4130648853665715e-06,1.7526877615275301e-06,1.2515269453212957e-06,0,0,3.8371020802885616e-08,0,9.059380863100827e-06,0,0,0,0,0,0,0,1.0262423783330775e-06,0,6.791164011755728e-08,0,8.444465070899473e-08,0,0,3.786115990232169e-05,0.00021424777928875268,2.7642822333209696e-05,0,4.537822185864848e-05,7.566792436037394e-07,7.916869973111898e-07,0.00016398635264408486
1.4723800646961196,3.183183080284668e-05,0.12559034215764406,0,0,0,0.0003173102608193713,0.28722613042009504,0,0,1.300781157080199e-06,0.8875660447909822,0.0015382452197844915,0.0005233078496830818,0.00016181674339643567,0,0,3.283909266309922e-06,2.7282704939994686e-06,0.00015311347008376518,0,1.5305896553900126e-06,4.346962551108008e-06,1.3413281541150385e-05,5.222308304396498e-05,4.336872237043101e-06,0.0006150914225859756,0.002808106642658299,4.60046440512394e-05,9.166064616136851e-05,0,0.0005555374001023876,0,0.00037565623531145704,0.0006355546216214423,0.003936128153232716,0.0030060873896502025,0.00011655672933544555,0.0041123883650750065,9.669957291191628e-05,0.0002913175305580255,0.0012889888242108964,8.440069268721694e-05,0.0021033625019311482,0.20471020324301575,5.63048949734511e-06,0,0.00062059462050276,0.0042806616834533354,0,0,0,0.02593049499734774,0.0004899612444315703,0.00015557118084070072,6.750493583199693e-05,0,0,0,0,8.043214636639571e-05,0,0,0,0,0,0,1.5338451435992125e-06,4.605936087393771e-05,0,4.5154907245504353e-07,0,5.027016920651509e-06,0,5.751639991227613e-06,5.500034136215854e-05,0.002499861398949482,9.189712956205061e-05,0,0.0009451407758004188,5.129549578101047e-07,3.804701919295499e-06,6.659811228881307e-05
0.11671865830821603,0.8436129421465665,5.838341039035109e-06,0,0,0.6826394465846712,0.7000058418330384,0.002572061685328866,0.0010649641651088526,0.0012206473366695295,3.7258292729642643e-06,0,5.776423021321026e-06,8.135668045474188e-07,0,0.00044011812564115246,0.001220239347598363,0.0001883307695276864,0.00045330940740903684,6.823191601348699e-05,5.610998994068754e-07,1.2433316495832446e-05,0.00010243690967865507,4.419932778851305e-05,9.20183425569625e-06,0,2.989160552854761e-06,2.532157734764213e-05,7.346371459742703e-05,0.000341640045566009,0.00019129825468821215,0.0009492332459046381,5.097561070440523e-05,0.09654670849716633,0.005811804598124149,0.007311329215853642,0.009027497324775173,0.0013976686279320912,3.400671906493556e-06,9.36369916789376e-05,3.6521435814757985e-05,2.9474074616042604e-06,8.446847134733252e-06,2.3138407723059088e-06,7.771674340719374e-07,5.199531027893792e-05,2.8196205659120412e-05,0.000481917403428378,0.000624133835301821,3.617509463260743e-05,5.632002613875592e-07,0,0,9.926649785972464e-07,0,0,0,0,0,0,1.9433389322306214e-07,0,0,0,0,0,0,0,0,0,0,0,0,0,0,0.00010142791272856485,1.1574434710357785e-05,1.0471014206668558e-05,2.044043923360013e-06,0,0,0,0.0009487368408065043
0.0034871413485222736,0.0033611131608085277,5.106992413580777e-07,0,0.6826394465846712,0,0.13130259638332914,0.005572281288799693,0.08589083036080218,1.0265726017689851,5.795166094095633e-06,0,2.059090088802465e-06,0,0,0.0024931855441069654,0.0024895758503182663,0.00028170172533616107,0.0007326803388859332,1.371204198449422e-05,0,1.2274690175767048e-06,1.1923977078548682e-05,2.0679191742040655e-06,9.324555225212649e-07,0,0,1.0677818745601862e-05,8.788607339143395e-05,0.0003562266843928787,0.00020018928409215988,0.009344066611607789,0.0002140521488605779,0.8595711577631436,0.0014560266944662545,0.001118146334745772,0.003903597581468547,0.0005759257856689831,2.669184166031076e-06,9.827509790373346e-07,0,0,0,4.02442139865098e-07,0,1.6921270937572954e-05,0.00011574599624025236,0.00033614964345605986,0.0010598323113108754,0.00036841750735899207,8.69791640183323e-05,8.800343986921286e-07,0,1.8660032699644373e-06,0,0,0,0,0,0,3.081079998502842e-07,0,0,0,0,0,0,0,0,0,0,0,0,0,0,8.526028738116535e-05,1.7047646849117504e-05,1.6861979162905488e-05,3.331094920229541e-06,0,0,0,0.00040711831869495176
0.1657239146317404,0.16149296645009356,0.1738234391348596,0.0003173102608193713,0.7000058418330384,0.13130259638332914,0,0.2377196344757372,0.14464884169797498,0.0035910414363221265,2.48884061366521e-05,1.9151572036515812e-05,5.3757184222113733e-05,1.4083804694487114e-06,1.4704954490219348e-06,0.0002764020567658637,0.0005927471719289714,0.0003619596196286959,0.0013470108841301686,0.00014203661589465345,7.265347068423955e-06,3.335134440659093e-05,0.00020135734091878646,0.00015480427085274364,0.0001340053325406153,2.524697785457771e-06,2.8664984066604478e-05,0.00021285413753314883,0.0004400769136772699,0.0007512028379971672,0.00024406078488186422,0.00036384643217570703,2.4053927682062444e-06,0.0005989733365387956,0.013043714501172192,0.0305278972354213,0.014946629948061726,0.0019673803644543915,0.0010140090194900942,0.0003220267036063179,0.00015407348178575475,6.539201312705637e-05,0.0002487475850438319,0.00018108011425402488,0.0002857621289527314,0.00044465185715162004,0.0004022952261144877,0.004068903697481351,0.0051303221226624745,0.0005875113555202635,3.3055730496893316e-05,6.494433184396297e-07,9.491763658392537e-05,6.470174834869126e-05,4.822477911084431e-07,0,0,0,7.385318999449344e-07,0,1.4630831693923157e-05,0,0,1.530358861017745e-06,0,0,0,0,0,0,0,0,1.8624588880855072e-06,0,4.969461754771148e-06,0.0006638910839385768,0.0005062490684172572,0.000315930787874799,8.206065278065535e-05,3.241438861410828e-05,1.0534312353256158e-06,0,0.0017295000241379593
0.0002486718954766288,0.0004323277029367728,0.01991119616325807,0.28722613042009504,0.002572061685328866,0.005572281288799693,0.2377196344757372,0,0.7607307691389834,0.04201792830836765,0.10979637363201232,0.4157949940095392,0.7717226122645408,0.12087747138547394,0.001979521073089303,0.00039135369647444414,0.0003680632991852626,0.000597894875119557,0.0005279754236714871,0.005182403592321618,0.00013896792764232842,4.409789945581341e-05,0.00017133227349228194,0.00012346781047671963,0.00010103616031044501,7.192649845080625e-05,8.876870651422267e-05,0.0001278861066918793,0.00013164852352039674,0.0002600101767404222,8.169533014976405e-05,0.0004639587009650187,2.0891697934789525e-05,0.0010562627101030053,0.020748618758574082,0.016433333416915538,0.022490628124050952,0.005335966122784201,0.0003079798646947612,0.0003167397923559324,0.00011116389239895861,0.00021312021832493953,0.0003257636079985515,0.0006075499731831071,0.003506363954483168,0.0006249311794820316,0.0011373582544141037,0.0056201866340032805,0.09004615190476464,0.0031021430783465193,0.002200638370056921,0.001188198834951186,0.011782260936805553,0.00710191684655934,0.0018641569035703215,0.00029504966826092893,0.00010967196689698326,2.607560965910224e-06,8.14230751513589e-05,3.3466029821654756e-05,0.0007401158104441201,2.163556313685996e-05,1.6130913723638022e-06,2.9668439513241277e-05,4.5920693098222555e-06,0,3.3455394022196284e-06,3.309240962364543e-06,1.2486526964256369e-05,4.004214577003371e-06,2.8174630870286972e-06,2.617959599309431e-07,1.8178390719592088e-05,0,0.00016508666611274883,0.002371160700983839,0.0016578265843773486,0.001496481666335513,0.0005588659809166713,9.455405668138994e-05,7.446323820651523e-05,1.3857479078789795e-05,0.0045308662228326696
0,6.930836818752366e-06,1.5120672811854362e-06,0,0.0010649641651088526,0.08589083036080218,0.14464884169797498,0.7607307691389834,0,0.6874966782641496,2.5574340950467977e-06,0,0,0,0,0.0006791642261044337,0.00047174791664570726,0.0011305305087694103,0.0025432890750784667,1.800058355801725e-06,0,0,0.00013517178930500754,0,5.413795199584571e-05,0,0,0,0.0003958514754675252,0.00033966399439801985,7.266286259050585e-05,3.865634216457366e-05,0,2.4987049706431574e-05,0.0012199779536809076,0.0009678809953006789,0.0011348284815783467,0.0004172695117711808,1.4678708771897696e-06,0,0,0,0,5.958563356047532e-07,0,1.380109387898127e-05,0.0003126759367546698,0.0003759701182042274,0.002893980117535946,0.0012464333613957743,0.0007392362559916183,5.896370595707376e-05,0,2.0464340061247708e-05,2.1120522489599876e-05,0,7.388336031762541e-06,0,1.2663436615020495e-06,8.287175831584394e-07,3.429885352437827e-06,0,0,0,0,0,0,0,0,0,0,0,0,0,3.714043021011703e-06,0.0001441492626823699,8.130040150045004e-05,8.255073926941936e-05,5.287681231263694e-06,0,6.34875698552175e-07,0,0.0004305828973014664
0.00023183139248231802,0.00016759807306976026,5.6415098458499545e-06,0,0.0012206473366695295,1.0265726017689851,0.0035910414363221265,0.04201792830836765,0.6874966782641496,0,0.012300572869944447,0,0,4.402534057271479e-05,0,1.3016692481680092,0.007397445752737975,0.002166112745241201,0.0014744424283433186,8.712763491187872e-05,0,0,3.095562916699952e-05,0,6.9051604145205875e-06,0,0,5.8353492558669675e-05,0.00014204918871626697,0.00033565818049813534,0.0001481145722868626,0.039033424834976585,0.0047947284214521,0.24273756957866685,0.009172216598272963,0.00445092434388537,0.01584584662225812,0.007917520404718723,1.1042637336642446e-05,1.250919995321392e-05,7.482458401697099e-06,0,0,9.176880657807688e-07,0,0,5.37444688716247e-05,2.0924819947215913e-05,0.002055890173862736,0.000474798406148881,0.002358471428309774,0.0014730628116825493,0,0,0.0002195653513530846,0,0.0004055899294192847,4.139485000411436e-05,1.5328132273713107e-05,6.460280496646027e-07,6.749309589567741e-05,0,0,0,0,0,0,0,0,0,0,0,8.140246797736006e-07,0,7.699054435076989e-06,0.00019831820104598643,0.00020453012260110358,0.00028161719845198847,8.130565473942383e-05,5.615829327455429e-07,2.6917457322770034e-06,0,0.005035576186182674
0,8.638234359691362e-07,2.3110870378893026e-07,1.300781157080199e-06,3.7258292729642643e-06,5.795166094095633e-06,2.48884061366521e-05,0.10979637363201232,2.5574340950467977e-06,0.012300572869944447,0,4.564258367739098e-05,0.001221676078800114,0.9297479881348863,0.00015301520077503847,0.010826657042145424,0.0006938640400158567,0.003302184022881462,1.591551231980521e-05,0.2950025945542648,2.62769024964882e-06,0,2.9840985145751754e-06,0,0,0,0,4.114295619353314e-07,1.3289274820264677e-06,5.4593503059996936e-05,5.99588962155235e-06,0.0004921901698136296,4.7623610967307374e-05,0.00011437409303343144,0.002865653299840641,0.0009175188292439918,0.001376708129277127,0.0006214433542525569,1.4249358005914566e-06,0,1.1879067327611368e-06,0,0,9.267358444794332e-08,0,0,0,4.7057741526822623e-07,0.0020935527043049853,1.699479271047868e-05,0.0015307981294768937,0.007219610245920607,2.5356500825336423e-06,9.851141310085035e-05,0.0024169202017292374,5.6758813838965804e-05,0.0007132756590218999,0.0002798096441865767,0.00030669197164196046,2.3661537659419193e-05,0.0013522634698676698,1.2105786944525194e-06,0,6.588784175994958e-07,0,0,0,3.685326535102034e-07,0,1.2401755092804981e-06,1.3282125147365757e-05,3.072385451145401e-06,0.00012419274664361813,3.174236018483876e-06,2.412636035861325e-05,0.0003604253385193403,0.00018828592425018182,0.00024717735304812996,9.809182105534454e-05,0,4.393000339002526e-05,0,0.0012858069677055026
0.0009213375665537782,0,2.8092328184936432e-05,0.8875660447909822,0,0,1.9151572036515812e-05,0.4157949940095392,0,0,4.564258367739098e-05,0,0.15844861387917306,0.006908948477972874,0.001367863822996723,0,0,0,0,0.0011868210312741994,3.228347051587652e-05,2.608305123414949e-06,0,2.842553584284991e-06,1.1324973199829162e-05,8.133443933766448e-06,0.00010569160466151872,0.000432813745771477,9.668105528988927e-07,0,0,2.6595781248394934e-05,0,6.6635657469982775e-06,0.00012266258847507715,8.047868473320502e-05,0.0004061130264305401,1.0939942546082939e-05,0.0010927374811645631,7.353445227434522e-05,0.00011666853889750593,0.00029796972395369715,1.4466281498632168e-06,0.0001489691256024359,0.021369698744014717,0,0,0.00012938276882281475,0.006534183595322251,0,0,1.442389905597467e-06,0.32714512572376186,0.00469425257239011,0.0004938201850808102,0.00019264822575696465,0,0,0,0,0.00025604386077256283,2.3409848881261625e-06,5.032862649072468e-07,0,6.387172541810675e-07,0,0,0,6.653900104284034e-06,4.215582926418184e-07,0,0,1.0254711937878543e-06,0,2.273521954302723e-06,3.396607290646399e-05,0.00028529534906529216,3.016902420910928e-05,2.3147579610434495e-06,0.0005877345361771528,3.342710468259357e-07,5.139296763544891e-06,4.451880432042933e-06
4.0498781959745664e-05,0,2.1154040814665525e-06,0.0015382452197844915,5.776423021321026e-06,2.059090088802465e-06,5.3757184222113733e-05,0.7717226122645408,0,0,0.001221676078800114,0.15844861387917306,0,0.17601354313114134,0.005981711788420978,0,0,1.522680439900239e-06,0,0.005323013556947792,0.00014553921822041882,1.667879052410729e-05,0,1.8253384245325607e-05,1.2852242093011641e-05,4.247316156869558e-05,5.737656186280079e-05,4.538593178314697e-05,0,0,0,1.2688923334487907e-06,0,0,0.0002603347672162407,6.379372857672042e-05,0.00024057024521069141,2.1335971263538924e-05,0.0001442607880520315,0.00014407422571256903,1.4699421248332843e-05,1.1635035919693385e-05,0,9.441130081183084e-06,0.000462418845013347,8.988414784187436e-07,5.731134398430629e-06,0.00010233624287257889,0.010359826610095641,1.114225127405226e-05,1.5021860892725492e-06,5.8205521092785616e-05,0.02380040623548792,0.42048946307324436,0.004589653606710881,0.0004646570500685628,0,0,0,0,0.0007369930491818756,9.67571009757513e-06,3.0519357675886407e-07,0,0,0,9.372704045132506e-07,2.2415588203964634e-07,0,0,0,0,0,0,0,0.00012649579616506935,3.036024391155584e-05,5.881983611248927e-05,7.943581799846198e-06,8.896440503389207e-05,0,0,4.925740622470611e-05
1.2899594865773327e-05,0,1.1932773244698305e-06,0.0005233078496830818,8.135668045474188e-07,0,1.4083804694487114e-06,0.12087747138547394,0,4.402534057271479e-05,0.9297479881348863,0.006908948477972874,0.17601354313114134,0,0.1682060765782389,4.5468076136341236e-05,3.5672644895012514e-05,8.125679436038109e-05,0,0.08510467216962138,0.000491606060140011,6.202704651961869e-05,0,4.9092756312868436e-05,1.7400134657657145e-05,9.68829943373248e-05,9.652378865552359e-05,1.856301532930561e-05,5.43787947361699e-07,2.1977437655203272e-06,0,2.6901376392133524e-05,9.858845485446661e-07,0,0.0003295110077959477,1.4517837498330108e-05,0.00014402025035366786,7.73133657498857e-06,4.294246897179937e-05,0.0004760442940991781,4.995591305271698e-06,1.7435123595544298e-06,0,3.644090431158212e-06,0.00014993140077994982,0,1.6564216723389148e-06,4.314015153513584e-07,0.0024904370546398385,1.0330766475537356e-05,0.0001977518324471513,0.0018383152009709234,0.0012756146710970623,0.01141717724349383,0.41613529354354134,0.006497406139254505,0.00012386687989218617,1.420170079594289e-05,6.16882949807302e-05,0,0.004405226083172973,6.879060929672912e-05,3.0752539913497442e-06,0,2.3722661171679606e-06,0,1.6283019360268596e-06,4.97075149530647e-07,0,0,0,0,3.381225737331548e-06,4.188388767599192e-07,0,7.652851282693007e-05,2.0882861642675227e-05,1.7708365347511413e-05,4.505532200644316e-06,2.35564479115672e-05,3.182483652896753e-06,0,6.839142955426823e-05
1.1292915425960335e-06,0,3.1371877608965244e-07,0.00016181674339643567,0,0,1.4704954490219348e-06,0.001979521073089303,0,0,0.00015301520077503847,0.001367863822996723,0.005981711788420978,0.1682060765782389,0,0,0.00013787796113743056,0.00045210788150558493,9.084316828755195e-05,1.2777671223112015,0.005768678541104415,0.006762802326132216,1.6131877522490382e-06,0.8963440938707172,0.0007608933234402491,0.012092441433251947,0.0016300959287686397,1.829749343542396e-05,2.2506688778918217e-05,3.997544419262899e-05,2.6142233774330734e-06,0.00021864385062497484,1.4961002045186205e-06,3.2595432530784975e-06,0.0013575476506411165,1.9343431790638547e-05,0.00022342506128988132,5.913472041603179e-05,1.1739161789284849e-05,0.009722774748208284,9.735983559894473e-05,2.254540724941888e-06,0,1.3491287414491355e-06,4.006371177918429e-05,0,0,2.303263643896234e-07,0.0003098730635348485,0,0,4.2978588812167244e-05,0.0003236842046285661,0.0005995194818401267,0.015559456308388724,0.20470404798725328,4.010265207741806e-06,9.409735292899556e-06,0.0001483299876691614,4.1455080764017795e-06,0.01227914604837465,0.00019584610009509788,4.685181937843874e-05,2.2870985590640476e-06,4.215748129481295e-05,0,1.451640479612601e-06,0,0,4.752312686818557e-06,1.8060815244542977e-06,0,3.158052863138437e-06,0,0,0.00010004830236274719,2.9004185125224317e-06,1.305317437964778e-06,8.22552765628839e-07,5.859044338089107e-06,2.636478330462305e-05,0,0.00022814414092226228
0.00022803108941367716,0.000132686021319801,4.171444933211872e-06,0,0.00044011812564115246,0.0024931855441069654,0.0002764020567658637,0.00039135369647444414,0.0006791642261044337,1.3016692481680092,0.010826657042145424,0,0,4.5468076136341236e-05,0,0,1.1433509549313958,0.1041798729117944,0.0025439516542434103,0.0011449434901193072,0,0,1.563979290415048e-05,0,3.686317137358334e-06,0,3.929218771655881e-06,0.00014592409979337375,0.00020895423285636068,0.0004718768450577399,0.0001854382722127838,0.04244295985257942,0.0415474472537272,0.17111586664282985,0.006976934544154434,0.0013841280156373587,0.014338118714964359,0.006126952849120198,1.4866798181666193e-05,2.1712990195386435e-05,9.450495993035967e-06,0,0,0,0,0,0,0,2.9824885135605223e-05,0,0.00013490899253029882,0.0004839828153487006,0,0,0.0001230888703478761,0,0.0005235522626098169,0.00035476831770276377,0.00027461972591611203,1.0261514265203546e-05,0.00043734500286827334,0,0,0,0,0,0,0,0,0,3.910528580290224e-06,1.980462731661689e-06,0.0001115386395000289,6.911828189251485e-06,6.179444761985032e-06,8.404966083386366e-05,1.0222270447887345e-05,1.5120852350511447e-05,2.3632213491054458e-06,0,0,0,0.003927214388607976
0.0004182108353557215,0.00033840868730946705,5.786605704199012e-06,0,0.001220239347598363,0.0024895758503182663,0.0005927471719289714,0.0003680632991852626,0.00047174791664570726,0.007397445752737975,0.0006938640400158567,0,0,3.5672644895012514e-05,0.00013787796113743056,1.1433509549313958,0,0.051084848047392266,0.7082888862413727,0.0023537173947488182,2.5257918961505496e-05,2.9224020155045714e-07,9.863950989504074e-05,0,3.086228975664842e-05,4.3204753405339716e-06,1.2130726408838192e-05,0.00018874994561041863,0.0013098590632218494,0.027474679036515494,0.08788769542254006,0.3857350021030879,0.16086143996887423,0.06270741621750116,0.002826648195013522,0.00046697373199333197,0.00941393892159951,0.0016513008995664913,2.220308351699039e-05,0.00019242181323510463,5.732845213069348e-05,0,0,0,0,0,0,0,6.26660930295699e-06,0,1.048832127808433e-05,0.00016499495614245228,0,0,1.3994804964903212e-05,4.4996214806963315e-06,0.00039389409187422464,0.00020066243441299461,0.0006386925566209444,3.207822661749598e-05,0.0006483603359303421,8.238841476510307e-07,0,0,0,0,0,0,2.296559134383389e-07,1.1729375626777597e-06,4.402542109742253e-06,5.292572741097145e-06,6.419457699068882e-05,3.326231562117069e-06,1.27852194680402e-06,0.00016373827517092267,2.2959385939042225e-06,2.133371327274346e-05,2.4344699100201543e-05,5.209462995139117e-07,1.5915434165732428e-05,2.002779784331249e-06,0.001000439002011395
0.00014475066029719433,9.34894501910388e-05,1.541681014032241e-05,3.283909266309922e-06,0.0001883307695276864,0.00028170172533616107,0.0003619596196286959,0.000597894875119557,0.0011305305087694103,0.002166112745241201,0.003302184022881462,0,1.522680439900239e-06,8.125679436038109e-05,0.00045210788150558493,0.1041798729117944,0.051084848047392266,0,1.727379262207306,0.19051678627909513,0.031053414947645654,0.0012437199226280609,0.13741557654295058,0.0013762627779026371,0.0021219856247404203,0.0003843330807758042,0.00014181637486796928,0.00020843559341269562,0.0014383007106741584,0.001219071213201779,0.0002106340148026898,0.0030363651210506028,0.00024351472977951374,0.0011977033125861942,0.007321777429959905,0.0005972904273474456,0.005206929801999134,0.002186312671283666,7.891656796897711e-05,0.0014915410600432075,0.00037415017584286237,0,0,8.895644453157166e-08,0,0,0,0,5.970493210153735e-05,0,0,0.00010649811648345096,0,1.9370804357249318e-07,5.717069200589998e-05,0.00013028337673627317,0.00012355393543168853,0.0003232587031589202,0.0012533293241683084,0.0003518915177322294,0.002709292335224088,0.00025256615407492775,0.00012970237379752967,0.0003176411070972173,0.00012256798280909766,2.7585378170758246e-05,2.9118221783755033e-06,1.0758009277100495e-06,1.7088494701756273e-06,0.00012946000000752834,0.00011603120726222559,3.613748833801569e-05,0.00021893828356100864,5.4900724815431774e-06,2.05710582348453e-06,0.0005720417350696225,1.7608402638445298e-05,6.757241858305318e-05,2.229888327590175e-05,3.537632316470812e-06,0.0001826402131170373,1.2978555412945e-05,0.0023184798461376036
0.00016427614193611335,0.00011949913207466971,1.7180148178255847e-05,2.7282704939994686e-06,0.00045330940740903684,0.0007326803388859332,0.0013470108841301686,0.0005279754236714871,0.0025432890750784667,0.0014744424283433186,1.591551231980521e-05,0,0,0,9.084316828755195e-05,0.0025439516542434103,0.7082888862413727,1.727379262207306,0,0.0017537107677033342,8.180788131865579e-05,6.0449318794689535e-06,0.40155650430118256,0.0001098747321504617,0.004237442411474577,0.00032452053527900983,0.00013023997105744622,0.0002380967588238208,0.017209214876487224,0.10812844144887335,0.10359456407051741,0.004655136669181292,7.34795367780534e-05,0.0010132287729334364,0.0023534011107058397,0.00016817533383710657,0.0041380586302425665,0.0016158701524082704,7.125277577980262e-05,0.0010330775966873676,0.0003421111094189235,0,0,0,0,0,0,0,3.165739502661163e-05,1.749937193632784e-06,1.5182295914038291e-06,3.3941595181077442e-06,0,0,0,4.244886882536981e-06,3.555062842975445e-06,1.0825445203520519e-05,0.0003400654245942587,7.89885739950301e-05,0.0006949303963150495,5.875980629549282e-05,1.6663425693233687e-05,6.61051611690291e-05,4.350773060977621e-06,5.262643567276861e-07,0,0,0,1.5674534088438466e-05,3.3399582218798023e-06,0,3.2975688406188732e-06,0,0,0.00011714832469638043,0,6.482620082650394e-06,3.248366975451171e-06,2.403199536652553e-06,1.0231794089615968e-05,1.2595896876740548e-06,0.0008933073768527674
6.568631787091157e-05,5.117771252332415e-05,1.7702848199533777e-05,0.00015311347008376518,6.823191601348699e-05,1.371204198449422e-05,0.00014203661589465345,0.005182403592321618,1.800058355801725e-06,8.712763491187872e-05,0.2950025945542648,0.0011868210312741994,0.005323013556947792,0.08510467216962138,1.2777671223112015,0.0011449434901193072,0.0023537173947488182,0.19051678627909513,0.0017537107677033342,0,1.201021878523426,0.19039276011649992,0.0009030115354212373,0.2364645370379141,0.000996234349128211,0.002895429120064781,0.0009023170897880806,0.00018141123585944274,0.00055996682662015,0.0008050801764181477,0.00019795761120174602,0.0025347543945397526,0.00022161921687587652,0.0005727825540023026,0.007994123527620762,0.0007101784265775698,0.0023934404337133306,0.0012284713673563043,7.786331626379488e-05,0.00823167728685632,0.00034158392049405355,4.16390715359732e-06,0,7.136764962926648e-06,4.5315605557309214e-05,0,0,9.6590246678852e-06,0.0007736586008706806,2.6760629114643646e-06,3.345048132960963e-05,0.000896283581153072,0.00038877905117695646,0.0009189325155869895,0.008151487002276438,0.013735025891846038,0.0004257523853031142,0.0005035924779707708,0.00252447740364385,0.0005716707777070055,0.08934917995679632,0.0013163180729596343,0.0006250302370906225,0.0005663403515858559,0.0005865622406254803,0.0001271076161978211,5.099426533627431e-05,3.714016362041976e-05,3.4708825184405094e-05,0.0002858572836368635,0.00018766725323330724,7.863511545536113e-05,0.0003633297062089068,1.762306030814622e-05,1.159692963812139e-05,0.001531738089588285,0.00014076664221387292,0.00030358297718859626,0.00021836791795605052,2.5453161030509797e-05,0.0005757526715643842,0.00010555351244728422,0.002044462126330102
8.887869465093369e-06,1.6276713235851364e-06,8.442221071539795e-08,0,5.610998994068754e-07,0,7.265347068423955e-06,0.00013896792764232842,0,0,2.62769024964882e-06,3.228347051587652e-05,0.00014553921822041882,0.000491606060140011,0.005768678541104415,0,2.5257918961505496e-05,0.031053414947645654,8.180788131865579e-05,1.201021878523426,0,0.275001541506522,0.005365393759450025,0.018570969460648987,0.00026635285351588517,0.00047169301021105105,8.260005251496986e-05,1.8722574056731876e-05,7.575741972188884e-05,0.00011130463162520593,2.6539067724072586e-06,0.0002634900888417501,0,2.3533747674542602e-05,0.0008264495037791819,1.3106508795583808e-05,0.00023352093333542633,6.964177506533619e-05,0,0.001223923088065801,3.502272016094044e-05,0,0,0,0,0,0,0,2.246827100996211e-05,0,0,0,6.653950729825006e-06,2.3836688034138977e-05,0.00011527939215146513,0.00037973473155690637,0,0,0.00018459358341405222,2.1041202113898626e-05,0.0024842316660728925,0.014642035646004725,0.0017104588256329101,0.00019327146781055306,0.0005991023404917917,1.604434258884818e-05,0,0,0,6.022839935673494e-06,1.6190025414672737e-06,0,3.1835804055736267e-06,0,0,0.00016970333068133474,0,3.6803236710101414e-07,0,0,8.580822114115496e-05,0,0.00013631850711976165
5.9201799600510124e-05,2.6079921322400298e-05,1.3367854900356795e-06,1.5305896553900126e-06,1.2433316495832446e-05,1.2274690175767048e-06,3.335134440659093e-05,4.409789945581341e-05,0,0,0,2.608305123414949e-06,1.667879052410729e-05,6.202704651961869e-05,0.006762802326132216,0,2.9224020155045714e-07,0.0012437199226280609,6.0449318794689535e-06,0.19039276011649992,0.275001541506522,0,0.00958959562994267,0.43666018543108476,0.0007384152974743163,0.0011356683612246854,7.551528012052096e-05,7.492541705697147e-05,0.00014354169215372115,0.00022065331055421656,4.5408686090692125e-07,0.0002308502983933839,0,2.0947965623719034e-05,0.0007359276282545527,8.453593062779552e-06,0.0002697839218868182,2.1967082435626096e-05,9.493798855641924e-07,0.001377181876821307,5.7559007854798737e-05,1.0500624396277399e-06,1.6294789056989413e-07,0,0,0,0,1.4419491325552748e-07,4.5824888258843415e-06,0,0,0,0,6.569640197638818e-07,9.310718411456062e-06,0.0001439849590550274,0,0,8.605756659589435e-05,8.05632642502468e-07,0.0008346417444789184,0.01261657639387472,0.010884454720304032,0.0003285300689949772,0.008394365556355494,3.3265051834391896e-05,1.5987137267686573e-06,0,0,8.863079272361195e-06,9.245473785100896e-06,0,8.969330884624889e-06,0,0,0.00016381793071936146,0,1.7870477735297147e-06,0,0,9.519620490331628e-05,0,8.599036862513372e-05
0.0002586332587222209,0.00011467202451800456,1.5976806797555004e-05,4.346962551108008e-06,0.00010243690967865507,1.1923977078548682e-05,0.00020135734091878646,0.00017133227349228194,0.00013517178930500754,3.095562916699952e-05,2.9840985145751754e-06,0,0,0,1.6131877522490382e-06,1.563979290415048e-05,9.863950989504074e-05,0.13741557654295058,0.40155650430118256,0.0009030115354212373,0.005365393759450025,0.00958959562994267,0,0.08904520105387262,0.09082162255898787,0.0015187270063206904,0.0002057571943209997,0.0002942195367264979,0.2866882913680705,0.0439905034495308,0.00024759045435426483,0.0025186253398872672,0,0.0004737346555275342,0.002020856262055462,8.461298886862689e-05,0.002234901254896473,0.0006506453145838258,6.104927352799923e-05,0.0009981074927892498,0.00045224094967287486,0,0,0,0,0,0,0,5.225416596130962e-07,0,0,0,0,0,0,7.267654616552452e-07,0,0,0.00011255425601657783,2.3307663599115314e-05,0.00047565112592981313,0.00013866231000135727,0.00013096355767206318,0.0002671264466607482,0.00012354587924999304,1.2232169941587728e-05,0,0,0,1.992499431301439e-06,0,0,0,0,0,0.00015649515901294976,0,0,0,1.1426268172911248e-07,4.931483817796449e-05,0,0.0005408071501451236
0.00027499290380379434,0.00013910793824183158,2.829839200747627e-05,1.3413281541150385e-05,4.419932778851305e-05,2.0679191742040655e-06,0.00015480427085274364,0.00012346781047671963,0,0,0,2.842553584284991e-06,1.8253384245325607e-05,4.9092756312868436e-05,0.8963440938707172,0,0,0.0013762627779026371,0.0001098747321504617,0.2364645370379141,0.018570969460648987,0.43666018543108476,0.08904520105387262,0,1.2127013111300768,0.15052451273410467,0.0008065697696660649,0.0004203637747203803,0.0009824296745003331,0.0009655559322594057,0,0.0007184818814343218,0,4.788548132215392e-05,0.001958327777159197,4.251247280483398e-05,0.0009972599419929228,6.11811260163428e-05,4.617987638445946e-05,0.009708902732574456,0.0002592371512173121,3.1326719189368707e-07,0,0,0,0,0,1.7194059771099237e-07,1.5680789898443637e-06,0,0,0,0,0,0,9.442405531019473e-05,0,0,1.0110079545506448e-05,0,0.0004912965525598867,0.0003623346945243953,0.0007017763899320953,0.0009040930803551154,0.037500137326353065,4.0806068163939874e-05,8.773688011922335e-07,0,0,0,1.4141031426576928e-06,0,0,0,0,0.00023689520033783485,0,9.098826436287656e-07,0,4.497800927865577e-07,0.00020556832103737533,0,0.0004927392684191626
0.00018453282210518628,7.37440255861582e-05,2.3498134348744197e-05,5.222308304396498e-05,9.20183425569625e-06,9.324555225212649e-07,0.0001340053325406153,0.00010103616031044501,5.413795199584571e-05,6.9051604145205875e-06,0,1.1324973199829162e-05,1.2852242093011641e-05,1.7400134657657145e-05,0.0007608933234402491,3.686317137358334e-06,3.086228975664842e-05,0.0021219856247404203,0.004237442411474577,0.000996234349128211,0.00026635285351588517,0.0007384152974743163,0.09082162255898787,1.2127013111300768,0,1.6499650951144675,1.171245530717823,0.022698642388892225,2.8046047319911453,0.0026207554187073125,2.2806562081640538e-05,0.0006439820977984198,0,1.4518283448181761e-05,0.003985477015975564,0.0002483543498899315,0.0010590808063244942,0.00039019083108559406,0.00014985787739532177,0.04059637601861842,0.007392894416201912,0,0,9.029053185718301e-08,1.1937497966415098e-06,0,0,0,0,0,0,0,0,0,0,0,0,0,8.684033409658153e-06,2.020119160582583e-06,0.00013967755514615018,2.2679864632733846e-05,1.186604976573124e-05,3.42675708447754e-05,2.801014886575912e-05,4.5441216136442285e-06,6.287274328002477e-07,0,0,0,0,0,0,0,0,2.7435263486424327e-05,0,2.8118834458349595e-06,0,2.547954859275364e-06,4.121356239894559e-05,0,0.0006739280673247768
6.7808746887296725e-06,8.442366848168203e-07,4.3237500216402633e-07,4.336872237043101e-06,0,0,2.524697785457771e-06,7.192649845080625e-05,0,0,0,8.133443933766448e-06,4.247316156869558e-05,9.68829943373248e-05,0.012092441433251947,0,4.3204753405339716e-06,0.0003843330807758042,0.00032452053527900983,0.002895429120064781,0.00047169301021105105,0.0011356683612246854,0.0015187270063206904,0.15052451273410467,1.6499650951144675,0,0.22688208760826215,0.00038838108225861727,0.0017274872874505976,0.0002105380773617957,0,0.00014153318605717133,0,0,0.0006460019746865689,7.84614129732369e-06,0.00016290587688869284,1.2780413951550873e-05,5.662310258305903e-06,0.10989313639653574,0.0015939757380024956,0,0,0,0,0,0,0,9.804625098564088e-07,0,0,0,0,0,0,2.061254828944055e-06,0,0,3.309409327388986e-07,0,5.024447935027336e-05,2.465937773816084e-07,0,1.7445345340302915e-06,1.9124969757917357e-06,5.379469938789873e-07,0,0,0,0,0,0,0,0,0,4.776570325583996e-06,0,0,0,3.069852473320814e-07,1.0567062337469419e-05,0,0.0014001167704528557
0.0010307351322747763,1.036335936689461e-05,5.366836730550427e-06,0.0006150914225859756,2.989160552854761e-06,0,2.8664984066604478e-05,8.876870651422267e-05,0,0,0,0.00010569160466151872,5.737656186280079e-05,9.652378865552359e-05,0.0016300959287686397,3.929218771655881e-06,1.2130726408838192e-05,0.00014181637486796928,0.00013023997105744622,0.0009023170897880806,8.260005251496986e-05,7.551528012052096e-05,0.0002057571943209997,0.0008065697696660649,1.171245530717823,0.22688208760826215,0,0.5788326230140581,0.0014063643880897782,0.00010987296244499251,0,0.00013215660021319775,0,0.00047914389016493456,0.006505569796121897,0.0004144674628128816,0.0013824698129045758,0.0012603605935099676,0.0003628753732050361,0.1755326270321882,0.4678867703998752,9.76487432423668e-07,0,2.414394552667774e-07,3.787603158155052e-05,0,0,0,3.3585593675361956e-06,0,0,2.537748714992108e-07,9.969671747199194e-06,0,0,1.1719407443980574e-06,0,0,0,0,4.8857129214310235e-05,0,0,0,0,0,0,0,3.1575356942727103e-07,0,0,0,0,0,0,5.238287483015447e-05,5.594485597055393e-06,0,0,9.173121150294537e-06,1.3705452982754325e-05,0,0.0012428890143056754
0.012480986892783269,0.0001467371239467953,0.00011275795801189528,0.002808106642658299,2.532157734764213e-05,1.0677818745601862e-05,0.00021285413753314883,0.0001278861066918793,0,5.8353492558669675e-05,4.114295619353314e-07,0.000432813745771477,4.538593178314697e-05,1.856301532930561e-05,1.829749343542396e-05,0.00014592409979337375,0.00018874994561041863,0.00020843559341269562,0.0002380967588238208,0.00018141123585944274,1.8722574056731876e-05,7.492541705697147e-05,0.0002942195367264979,0.0004203637747203803,0.022698642388892225,0.00038838108225861727,0.5788326230140581,0,0.07185824427150586,0.10229008920281049,2.3212128586495432e-05,0.3149229419989913,1.7013067684833834e-05,0.007679456781766259,0.004725531005073985,0.0005685728968334423,0.01107948767852224,0.0023062001044813355,0.0011504584734730813,0.004671628888611368,0.056052610562066014,3.9695384910658744e-05,0,1.8981905725818775e-06,0.0002368801637680017,0,0,0,1.265980171210958e-05,0,0,0,6.267582566507096e-05,1.268750826026426e-06,4.426928932713068e-07,0,0,0,6.659609217810584e-06,0,5.43429397090429e-05,0,0,0,0,0,0,0,4.513742658108885e-06,1.2013307483662983e-06,2.931672914021235e-07,0,1.2084927369359389e-06,0,8.127318315487165e-07,2.6315774652665986e-05,7.748019399431574e-05,1.7251506401296803e-05,2.8492651945940836e-06,0.00010037570629224298,4.0958131328500334e-07,2.619849031542956e-06,0.0006799767756192405
0.00031804720565716595,0.00010144586902354296,3.233176614901779e-05,4.60046440512394e-05,7.346371459742703e-05,8.788607339143395e-05,0.0004400769136772699,0.00013164852352039674,0.0003958514754675252,0.00014204918871626697,1.3289274820264677e-06,9.668105528988927e-07,0,5.43787947361699e-07,2.2506688778918217e-05,0.00020895423285636068,0.0013098590632218494,0.0014383007106741584,0.017209214876487224,0.00055996682662015,7.575741972188884e-05,0.00014354169215372115,0.2866882913680705,0.0009824296745003331,2.8046047319911453,0.0017274872874505976,0.0014063643880897782,0.07185824427150586,0,3.078137282048297,0.002678569939490198,0.0018289051148154569,0,0.00020424327742084956,0.0028806834152204325,0.00020859703710506618,0.0018431590631155462,0.0006790365810179877,0.00019647704237126055,0.008096572506137174,0.001686682292196113,0,0,8.50625343789351e-08,0,0,0,0,1.2801776753492906e-06,0,0,3.7140982160843287e-07,0,0,0,5.018879003236591e-07,0,0,6.517079090649565e-05,3.6269243332871785e-06,0.00021960088928462887,1.237234503634963e-05,2.678613864227186e-06,1.8921999646435986e-05,6.549307764010079e-07,0,0,0,6.310695773749078e-07,2.7300394402040215e-06,0,0,0,0,0,1.0504581839350769e-05,0,5.120671988839647e-06,1.0790229337904444e-06,5.8739270305484214e-06,2.3412482832647385e-06,2.172991519004674e-06,0.000393586362292258
0.0009600970847335056,0.00026474915132181824,6.300647531940151e-05,9.166064616136851e-05,0.000341640045566009,0.0003562266843928787,0.0007512028379971672,0.0002600101767404222,0.00033966399439801985,0.00033565818049813534,5.4593503059996936e-05,0,0,2.1977437655203272e-06,3.997544419262899e-05,0.0004718768450577399,0.027474679036515494,0.001219071213201779,0.10812844144887335,0.0008050801764181477,0.00011130463162520593,0.00022065331055421656,0.0439905034495308,0.0009655559322594057,0.0026207554187073125,0.0002105380773617957,0.00010987296244499251,0.10229008920281049,3.078137282048297,0,0.5354396865765549,2.012726574744355,3.1025860079031556e-05,0.0012176963717245568,0.002545080858220216,0.00020190802268613058,0.0036080047859619827,0.0010663122376869914,0.00014301676294075694,0.0030970856725750255,0.0006832562798446655,0,0,6.243237015518457e-08,6.687332535039374e-07,0,0,0,5.570876712134872e-07,0,0,1.1402368694056724e-05,0,0,0,0,1.731287505979396e-05,4.6850945157829294e-06,0.00016425830157996057,1.290312656717758e-06,0.00022913474963474464,1.951722476757009e-06,4.598067559052587e-07,2.133576916552915e-06,9.195992727926031e-07,0,0,0,0,4.866688969599637e-07,0,0,8.182665004876363e-07,0,0,1.7194830824275732e-05,0,2.673717797424897e-06,2.4921464163419392e-06,5.5570348153008865e-06,1.4724379004379445e-06,2.250528938976125e-06,0.000579847888915563
