0,129.65527068322262,6.518664970047416,85.73378936655632,34.46586970174645,8.041422333715763,49.74331324035841,2.8707257654933636,0,2.2874521692009595,0,1.4364209072104996,0.21076126163331177,0.14235334200247401,0.023114769655640157,2.8311175123041052,5.235534494980732,3.7059341291343935,3.6614262896328,1.7168701700490798,0.2594861758587449,1.5434964673017757,6.2672836271468135,6.390286394431571,3.5052173091996237,0.10820074852385275,3.31816526342279,27.944122714757697,4.668441683372497,11.249363245776895,0.6163788553311402,42.39763399344429,0.36188383411473823,134.94841123152617,11.417487004844228,16.083638904723944,41.10365467528103,4.445478693829645,6.972728864687984,3.6010602277574977,3.862495609118024,0.3691059357814515,0.0884055337163976,0.331851144434096,2.735860513820966,0,0,0.2606958178590256,1.0294843426817581,0,0,0,0.3907336246359546,0.005561071796630893,0,0,0,0,0,0,0.3156767540793235,0,0,0,0.01028773767841172,0,0,0,0.009527036796857569,0,0.007836261207789673,0,0.010365046917052185,0,0,0.015151343574929086,0.5093024620439056,0.01123209511202764,0,0.3741000434454642,0,0,4.582282072153455
129.65527068322262,0,0.98774901585089,0.19219369152998092,94.94215623421755,9.16077948572334,61.84391000041707,4.363998141980881,0.07495763611572667,2.4644321422810247,0.021655801591843958,0,0,0,0,2.4465489066624397,5.3410629669590675,2.7912054243803492,3.0331440421841216,1.563534384674121,0.05702497488650874,0.7738099988119234,3.435410119760552,3.793834570018972,1.8855401316304012,0.01288735463479313,0.22882549270675773,1.9259046024720226,2.237613756617391,5.118896413798372,0.6635427938617812,8.784541604364117,0.1302551844756375,19.396845358359926,37.060003140776075,44.26528683395157,35.337236491175354,7.573242277587987,1.6410503165225183,3.7052909835972425,1.6490818111109564,0.2199115586927552,0.6121857322673304,0.4240898268812982,0.3958726042951449,0.20873772959036493,0.017643157059141698,2.9338975736588075,3.47255038621318,0.024241066644999868,0,0,0,0,0,0,0,0,0,0,0.13553276987422389,0,0,0,0,0,0,0,0,0,0,0,0.01342164810724585,0,0,0.7918071414152273,0.5098935512041173,0.13389910864089866,0.006963797965624799,0.05168747391309268,0,0,12.394525426989121
6.518664970047416,0.98774901585089,0,20.380554764915477,0.05622778475253645,0.007400431696903953,27.876627306811116,15.864872784423675,0.03099506129910375,0.14126434375962726,0.005057622737426157,0.2766944037223514,0.020584100738740268,0.020885121359002293,0.008167450787914688,0.11198617736941151,0.16765270122316062,0.570604781792878,0.5961357280615196,0.6191644044387085,0.003102794772271083,0.04317213496971256,0.5799850353513368,0.8655053663907674,0.6451891906308951,0.009856732666732967,0.08534688849454143,1.6282926620562896,0.6836276174184949,1.2698417918838538,0.0075660103297549765,1.2453288745812183,0,0.36555767553799146,10.848543994881206,19.726981263321587,16.793437028844387,2.077502513074187,5.648818807869517,0.8488067563180026,0.3985632884940831,0.8725063807378995,0.751482984921038,2.6413926484401413,5.923983516851438,0.1540239547413114,0.02212825755608553,4.51973683051606,7.9904490088675,0.03949996971631614,0.046535915345669386,0,0.836183433695916,0.040493210433420926,0.04558286595780954,0.048107036267639854,0,0,0.0017629014761045931,0,0.44908307407746983,0,0,0,0,0,0,0,0.018798595062203435,0,0.0024359192836248115,0,0.002476471326808003,0,0,0.8636771126338209,1.811934282609226,0.49609664726520053,0,0.3261919988126386,0.019221443781806437,0.010632715380213943,2.8124730731891523
85.73378936655632,0.19219369152998092,20.380554764915477,0,0,0,2.2293559940497976,92.03580978391095,0,0,0.02247727138535156,111.0638067323414,5.535086595700846,4.595450296572914,2.7233634837989906,0,0,0.10199296994335401,0.07977572465350312,3.508507615544086,0,0.04106209613026155,0.12745709043804296,0.3324734171658899,0.7399576843903211,0.055981976629452604,3.4783613771883344,14.29999171917639,0.6223907403593131,1.205392896436297,0,4.037617255590169,0,0.9958933088754887,6.461993641203441,12.86037155889865,12.322151133808182,0.7761500549714861,10.021714354770834,1.3459766049871187,2.1032087443861816,8.019260393138245,0.914731905008859,11.316710375340614,134.6019781680388,0.07357690464972122,0,7.5009647308075795,27.222439849684818,0,0,0,28.069179741399136,3.1674538927927456,2.2168798310000697,1.6532877394802608,0,0,0,0,2.4673316420069855,0,0,0,0,0,0,0.016106896207864128,0.5869776405872151,0,0.008298264947055009,0,0.07585378124692983,0,0.044671364143260776,1.001489575857605,12.079489555376705,1.014069468810293,0,3.5996469714920565,0.011791739991266797,0.03748262683018484,1.1833662291175715
34.46586970174645,94.94215623421755,0.05622778475253645,0,0,131.114279603059,176.70251948732837,18.18952741410007,5.842690021521243,9.082679391511721,0.07142911420361027,0,0.036920786028804276,0.010089354094334636,0,5.88084458400675,15.376231430023068,4.603939271626314,8.564633315482212,1.9104832946512442,0.017114822424762133,0.36842879185479893,2.9206162816740595,1.2660223888823294,0.2609881669352251,0,0.0668830757473599,0.39484191355693055,1.9800278188410105,7.525606888390862,3.4603113445551044,11.365009512672453,0.643953728111147,73.79133672219058,39.45384835306401,29.287743274699572,34.14399364196493,7.570309309989096,0.03080627490384025,2.145345795103247,0.7955009269358042,0.03472832447681762,0.11518693421313099,0.03741167775291289,0.010912718934249272,0.7365264971035737,0.42316091079237,6.5363009321002465,8.966873230008098,0.5416111721965741,0.011862609401006897,0,0,0.010816148729318025,0,0,0,0,0,0,0.008210083885024526,0,0,0,0,0,0,0,0,0,0,0,0,0,0,1.9337074488950818,0.1323588607503699,0.1728977617991251,0.038771221093652115,0,0,0,14.346578840284332
8.041422333715763,9.16077948572334,0.007400431696903953,0,131.114279603059,0,74.18817728772699,34.83944384059767,69.49542269210542,159.25120241027068,0.08148774880881084,0,0.011109104490324285,0,0,11.068659389001654,18.61603489675086,4.222626676641471,9.567830348018143,0.3223810375261568,0,0.03389074754444658,0.29448699199255063,0.0591177693035955,0.027451047499043958,0,0,0.0770018443195986,2.0003469070261937,6.410181624507134,2.812370092527223,20.229596338921944,1.030806489689655,141.00251850740378,10.629998141745181,6.113284142293711,16.00972760105543,3.3955162796898457,0.02626535515562069,0.02113454062125657,0,0,0,0.007934529502772071,0,0.26021340275531957,1.6714564041205746,4.806467432877513,14.218929390075628,4.859555519533922,1.4451085255891585,0.012673762622382007,0,0.017208176461272887,0,0,0,0,0,0,0.011439579447613155,0,0,0,0,0,0,0,0,0,0,0,0,0,0,1.5045308062608598,0.1754133502232224,0.26766866305904846,0.05842163455174291,0,0,0,6.4553705151431915
49.74331324035841,61.84391000041707,27.876627306811116,2.2293559940497976,176.70251948732837,74.18817728772699,0,195.0116920668692,112.34287843511028,20.66254565786274,0.5888137638662375,0.2328431074039088,0.5283038115635543,0.021340661415090462,0.036983361525159957,5.121960306683604,10.170270705720128,9.256162987295975,24.549480732491087,4.490601228919397,0.26664671167515935,1.125939617899081,6.267217862742134,4.702563867239817,3.8920181664677123,0.07010987719069556,0.7639686895971801,3.8256082355265435,10.871226291345891,16.19421217187698,4.8518916009961135,7.1660887725986635,0.04267007139025968,4.948556542190167,90.39156627767638,94.5144011039286,63.787972193331264,13.042393265091208,5.261690291304463,6.494772456189726,3.144813677066254,0.930691971612032,3.2964561340421934,2.66197684765203,3.7409823248454566,6.044706664930407,5.756598362862905,49.361585229816825,64.02384251453196,8.222517104960534,0.6635994272895827,0.01930446455650146,1.0645344985121752,0.7920502279018332,0.01064267110906195,0,0,0,0.03939498325395872,0,0.6204870890697393,0,0,0.08429770688367995,0,0,0,0,0,0,0,0,0.036490897461078906,0,0.0871120243915102,11.927589789345722,5.542116433629848,4.882009272384091,1.383875240808316,0.3165614293662851,0.02902537841379699,0,27.429414084374123
2.8707257654933636,4.363998141980881,15.864872784423675,92.03580978391095,18.18952741410007,34.83944384059767,195.0116920668692,0,193.82716729439682,80.06372140028685,74.15775446790697,112.40799230069612,151.22769407789784,92.3036521118915,23.313946536073125,7.42278950208915,7.719473573223219,12.57150074821604,11.316099919808693,59.45673165300553,3.2252713020365738,1.3560432423115807,5.44804415211432,3.721876687744393,3.1068669274520517,1.8360093285926598,2.5431210513096163,2.6947110726658807,3.608919559755029,7.01173635668114,1.9921824637845305,9.392849787698822,0.4087261847119172,10.099581596271127,141.94183713138216,67.29015524287732,107.97519824971404,32.21585071215196,2.528932455219811,6.843210221489455,2.4975016167325914,3.5495607226337738,4.707988685320113,7.708124638011108,21.73698737985179,8.943033097274752,15.166741903308194,68.2222748431063,368.35464025325035,34.478631682058946,29.287427343938823,11.043219608484394,26.810744088013077,20.021153030227854,12.603260252430715,5.78729136621044,2.4081960675843086,0.09344170330529529,3.255732029998993,1.2737750788162554,17.15783322156413,0.7670582512202889,0.07193163432177997,1.5063161569368158,0.17881584897674072,0,0.10090420287999265,0.12479613190944039,0.38527396282099513,0.17236128803857517,0.11490287522023966,0.010255571314056074,0.49417914214852576,0,2.6401833202331266,34.57036286575015,16.575685585860803,18.207285015325162,7.842891735742094,1.140547635809265,2.1579690994617646,0.4190557087532809,67.13285389038576
0,0.07495763611572667,0.03099506129910375,0,5.842690021521243,69.49542269210542,112.34287843511028,193.82716729439682,0,173.10859142974397,0.021694370479248548,0,0,0,0,5.201735957614661,5.104973162005494,11.439474161326814,26.805514712234245,0.026429415153000277,0,0,2.275302464780381,0,1.214127874153311,0,0,0,7.420089982193465,5.922757614492861,1.0546910789737618,0.7719872626722724,0,0.2081334623959636,7.701706380012746,4.011109772194623,5.771781685254361,2.2501192314730516,0.01154412487031292,0,0,0,0,0.011200395679514336,0,0.19694631839516444,4.196787357683014,5.3691304295799736,32.94287154352147,13.735004977878129,9.64895906731206,0.787708461709182,0,0.1752812952889036,0.21682418282457033,0,0.11523740510483976,0,0.03533144043814394,0.02216398774443403,0.09883723697642216,0,0,0,0,0,0,0,0,0,0,0,0,0,0.054543168587578295,2.156674402503843,0.6806257137882015,1.0225132737927916,0.07016885657436434,0,0.01085214606024068,0,6.4296771450093155
2.2874521692009595,2.4644321422810247,0.14126434375962726,0,9.082679391511721,159.25120241027068,20.66254565786274,80.06372140028685,173.10859142974397,0,16.192692699038027,0,0,0.3031634521853117,0,258.80712407803253,30.049976526417094,16.253805233322048,14.031791132748685,1.1576597976258063,0,0,0.5446849289042746,0,0.142466158870414,0,0,0.7066415390831325,2.5737693714636096,5.42482282802352,1.8527994474665297,35.54943051168484,6.094050308470812,94.33399685481517,45.09979648311808,18.729482472162132,58.13843403339116,33.55972102603349,0.13356679422020987,0.14831062157908598,0.10674467108801519,0,0,0.023744240040443596,0,0,0.9031202470288308,0.4486712390567941,27.424618771561466,6.322974202212145,32.24634196790425,18.002615755169845,0,0,2.787847821034847,0,6.405287951205177,0.7422595086255571,0.3417626344468087,0.01867713023674026,1.5616746519341027,0,0,0,0,0,0,0,0,0,0,0,0.018088054355747587,0,0.1296253367409643,3.1933268577486955,2.031266942689675,3.9262570546751827,1.230263824837319,0.006577399814075718,0.061149525679118355,0,55.89152906534643
0,0.021655801591843958,0.005057622737426157,0.02247727138535156,0.07142911420361027,0.08148774880881084,0.5888137638662375,74.15775446790697,0.021694370479248548,16.192692699038027,0,0.5037850510606352,5.234165910160617,124.60953470813153,0.6382369080945935,12.695725379965552,5.320559850649039,7.470334553172297,0.17080104630806012,91.51654473164055,0.029975833307554964,0,0.0187075182627202,0,0,0,0,0.006434965644984786,0.02322176375301811,0.9340151424379348,0.07220717846638675,4.6377395261906855,0.297839485721586,1.1333130939102654,18.146461336451896,5.953847190271745,9.912918654538776,4.356484888604074,0.020981377019607568,0,0.013686021044467258,0,0,0.0027195278099710536,0,0,0,0.014773554063376214,17.270522516994543,0.23712269001547234,18.657334421842762,38.27549759883626,0.03425360404743975,0.7136690945133072,9.755910905227951,0.4834791188890858,9.911878482128296,4.04543063516193,4.760940816306686,0.4459633537600966,13.213841555370642,0.02311218323478688,0,0.015367686329117872,0,0,0,0.009593540686841772,0,0.030740473621673644,0.3247192198783314,0.04640845753219725,2.311548826474695,0.04532888390295437,0.3912731032411519,4.687427881295387,1.9358908452576191,3.093565118044116,1.2342947963012234,0,0.6712927571295221,0,17.66985225676979
1.4364209072104996,0,0.2766944037223514,111.0638067323414,0,0,0.2328431074039088,112.40799230069612,0,0,0.5037850510606352,0,55.36427392912672,27.305213323609426,14.781996712443165,0,0,0,0,16.37640764557479,0.6320861339190639,0.05711914829850634,0,0.057455783494295413,0.24215295414874308,0.19019038469108368,1.321821293266291,2.5563681394239364,0.014223562389962863,0,0,0.14255753430048537,0,0.018500685106370738,1.3622691866001275,0.4642858322333245,1.9191312690366318,0.05531182261487938,1.528678259781317,1.2767848768882701,0.8150949412863789,1.4074274525377657,0.009579177946155567,1.255854577778154,28.239872998065618,0,0,1.4537957634381147,20.722578321049273,0,0,0.017791544626073835,72.51875360183367,8.491751237244365,4.322508601537435,3.1438134367762496,0,0,0,0,5.115413057563145,0.057467660634680146,0.011921370361636109,0,0.01598937207080194,0,0,0,0.06950641219622507,0.007607055739163837,0,0,0.010935805863902137,0,0.00992595224428136,0.5371389081776332,1.7173340358639166,0.2751480186381046,0.02694446611281489,1.3845277511257057,0.0072636615487875955,0.03546830834772492,0.08481543822492761
0.21076126163331177,0,0.020584100738740268,5.535086595700846,0.036920786028804276,0.011109104490324285,0.5283038115635543,151.22769407789784,0,0,5.234165910160617,55.36427392912672,0,82.24835154231869,27.32916709927156,0,0,0.03695815008464609,0,37.041257027516224,1.7878642419738275,0.2449699271002311,0,0.2583223310932949,0.29082094044321477,0.6694255247120148,1.0337205909523266,0.5642951756678747,0,0,0,0.01891135765823447,0,0,2.6757890033318517,0.3913191852361608,1.7731981039493683,0.13466538856457258,0.6274522631430933,1.9513811770191962,0.1765435222934335,0.10409401593179342,0,0.1377955150521302,2.869028140918417,0.00747313386861122,0.04352376068168718,1.1059077856080397,25.480648411535608,0.06588960046279989,0.014376368553448144,0.4211251061132694,19.416105146289496,48.09590658753929,10.295853983743829,4.186334421168723,0,0,0,0,8.54943015780652,0.15882328164547116,0.005612407719836246,0,0,0,0.01545555408105991,0.0054337128237888525,0,0,0,0,0,0,0,1.4865121553383775,0.27352714039959247,0.5117769584516934,0.0743229469029632,0.47529854695616774,0,0,0.8687482537527251
0.14235334200247401,0,0.020885121359002293,4.595450296572914,0.010089354094334636,0,0.021340661415090462,92.3036521118915,0,0.3031634521853117,124.60953470813153,27.305213323609426,82.24835154231869,0,65.38876240558176,0.2966597787721643,0.2780873044797545,0.9354510133142446,0,97.34530560059326,2.9707377674934032,0.491868579214672,0,0.33842267287794686,0.22308643234381986,0.7028310050204438,1.1548889661213397,0.36211101010751995,0.008113654682633782,0.02938869257621973,0,0.2748005213382647,0.007366217248418902,0,3.3322159848795208,0.14331183009240508,1.63854352951177,0.08300092975305728,0.42546032207421824,2.977789065129659,0.08263319172552187,0.03442406584997517,0,0.09348663621133943,2.0361956429457595,0,0.016009989036825115,0.009291297320911515,14.931801010448167,0.08230767020242896,2.2036998527333482,7.487854335233696,8.07337205134664,16.203141307201005,70.33421384747498,10.824943620734318,1.4568393581912455,0.15275906677733334,0.9056054327302392,0,18.64813441667761,0.6538666184442166,0.029679582457565294,0,0.022894354247853955,0,0.020779102686116283,0.00928878864101275,0,0,0,0,0.05189117139822572,0.00462002095092481,0,0.9756092106024058,0.25619193869599,0.20161779244663472,0.056894762655977586,0.2874903386516546,0.03238982607910362,0,1.1768159855537286
0.023114769655640157,0,0.008167450787914688,2.7233634837989906,0,0,0.036983361525159957,23.313946536073125,0,0,0.6382369080945935,14.781996712443165,27.32916709927156,65.38876240558176,0,0,0.9469866991732235,3.4230040360005787,0.690198166252523,209.89158534015706,9.823475370250266,7.150169388384216,0.0171819188698963,59.816557728131016,4.248681803148802,10.571647856107813,7.348908167241794,0.3487648088528465,0.24862910402347443,0.5449845959596461,0.02896110305423164,2.341313687728745,0.008572469921769289,0.0364010690423736,8.085898794705058,0.2870811276465695,2.7333644616419788,0.577727951381784,0.20511405999147098,14.59542580890096,0.8583391044157397,0.06039827744084153,0,0.047348962976198304,0.9434263761830481,0,0,0.007030748321430125,5.7148640212784745,0,0,0.35297040728257983,4.603397903960281,4.746235426881471,15.840246239025687,40.85694783676345,0.05640430622573259,0.08799134082938706,1.9856600513795166,0.045469348194311435,25.039129956632106,1.069004212400528,0.2393741370294731,0.035416533290126666,0.17037534450614872,0,0.014750437705591677,0,0,0.08020838703763417,0.03341965460613087,0,0.04809136201419567,0,0,1.3453892021922413,0.05567882071440648,0.021338729429580188,0.012344238554088924,0.12084354962163094,0.22427952339080776,0,3.0203218356697805
2.8311175123041052,2.4465489066624397,0.11198617736941151,0,5.88084458400675,11.068659389001654,5.121960306683604,7.42278950208915,5.201735957614661,258.80712407803253,12.695725379965552,0,0,0.2966597787721643,0,0,245.28925105678306,71.65735573156884,12.912945009572914,6.123876865287861,0,0,0.24083830714632803,0,0.06573981046432631,0,0.04260767500251172,1.6523110535225103,3.1263205843764976,6.211949629238046,1.8279241057147564,51.192586828834315,22.88392509151553,111.18627341932002,34.519814988175725,9.25499987973978,56.57113540789834,27.510394760776677,0.18933546689820127,0.25562947825323457,0.11518503103699794,0,0,0,0,0,0,0,0.7786790864614233,0,2.400776162880556,6.890709754851084,0,0,1.5751712218207876,0,8.717276840243052,6.010770638325962,5.043663019366962,0.209994599215411,7.685968796214408,0,0,0,0,0,0,0,0,0,0.10908075961549196,0.036996868315583804,2.3837333344390736,0.11812251711016211,0.11345304068627753,1.415714357091206,0.13336544009067483,0.24245772823496503,0.036771589158203645,0,0,0,40.521409462431684
5.235534494980732,5.3410629669590675,0.16765270122316062,0,15.376231430023068,18.61603489675086,10.170270705720128,7.719473573223219,5.104973162005494,30.049976526417094,5.320559850649039,0,0,0.2780873044797545,0.9469866991732235,245.28925105678306,0,75.36515619386513,196.1931670704119,19.187478718383684,0.30459233440830463,0.00519426441394355,1.0471589405837425,0,0.4564785586713741,0.07411085398078586,0.20429006281216536,2.373830432091341,11.715117130402891,68.64108273945492,77.29986176206069,221.35106819737672,50.5559759117239,95.02044882036749,15.8643747042787,4.012012610749111,37.86140863906972,9.571070845809135,0.3180168558019529,2.1850858538337206,0.7101341310847327,0,0,0,0,0,0,0,0.19998271969029802,0,0.21307397208085066,2.6546833795767992,0,0,0.15563599866076372,0.051032153871338165,6.685609826952974,3.329643757049445,11.298339694623799,0.6151974673944949,9.966300718562183,0.017740813678095588,0,0,0,0,0,0,0.0077951885530544475,0.026852120287005937,0.11103887962365104,0.09390515068783527,1.3605220907121356,0.05849624044157392,0.021875778534043627,3.0101726380340597,0.04813404968645418,0.41158810582966965,0.49725897071349573,0.013680260841249263,0.29962670857481905,0.048846935033889635,12.374174021855895
3.7059341291343935,2.7912054243803492,0.570604781792878,0.10199296994335401,4.603939271626314,4.222626676641471,9.256162987295975,12.57150074821604,11.439474161326814,16.253805233322048,7.470334553172297,0,0.03695815008464609,0.9354510133142446,3.4230040360005787,71.65735573156884,75.36515619386513,0,334.6712252445165,102.87953510742724,16.094928189870306,4.780291290276571,88.49793087968008,8.342395066231978,16.39694010171046,3.5418733802051827,2.4975704579987723,4.1682722663019245,15.220782014442666,16.252298994709882,2.5535528224512776,34.74865903589895,1.926224737834994,13.164451991143407,54.70086391223509,8.609480739884296,40.87294237842512,17.31170917646736,1.4786561728630587,12.796122277186036,5.187886019103636,0,0,0.005300583132098506,0,0,0,0,2.4390999900057233,0,0,1.996524824240776,0,0.006206980841103715,0.9478820553812579,1.7903409826997045,2.37189321047029,5.976260559870094,23.4867328111407,7.1869681501747795,40.7147669670578,5.0928242589365516,2.6003960163104773,8.60203784507001,2.391009521850972,0.7639655626238525,0.06685475298108344,0.02937910107771487,0.06420219958386619,3.472677198760942,3.362361916373686,0.6991490532781517,5.783869226399797,0.10781154337301345,0.048903130242893125,10.758443883637108,0.4358945504947628,1.6812664495611251,0.5102879434420787,0.1142587193053963,3.3069682520239683,0.372793874935993,32.56153557181809
3.6614262896328,3.0331440421841216,0.5961357280615196,0.07977572465350312,8.564633315482212,9.567830348018143,24.549480732491087,11.316099919808693,26.805514712234245,14.031791132748685,0.17080104630806012,0,0,0,0.690198166252523,12.912945009572914,196.1931670704119,334.6712252445165,0,12.319174159782737,0.6336141584999924,0.07416585275523369,137.2517408561766,1.0053647504495309,26.709278112058854,2.8179669042439484,2.0781787235688425,4.158961980524753,76.34024341184212,149.2817615312629,76.00057688055614,37.26192676647487,0.5786630915573878,10.442094182270118,20.595337994284776,2.788645991245637,32.01539259423643,13.029081918678912,1.2256158562515194,9.827972728191996,4.143344999796081,0,0,0,0,0,0,0,1.1313276096435763,0.04830445779539671,0.042489469453789924,0.06917944933039294,0,0,0,0.0500086298649434,0.06999713170220324,0.20049120315984212,6.904048620526903,1.5438296352465977,11.271984838855555,1.158635017344928,0.31566743837495526,1.7273754674575719,0.0917156252372998,0.01276221960781988,0,0,0,0.3886037936953616,0.08421816860325879,0,0.0788014466009724,0,0,2.4785461071411747,0,0.1588208772004622,0.0768676143124922,0.0702133011517875,0.1717678733662982,0.03455678416403005,14.075162080858897
1.7168701700490798,1.563534384674121,0.6191644044387085,3.508507615544086,1.9104832946512442,0.3223810375261568,4.490601228919397,59.45673165300553,0.026429415153000277,1.1576597976258063,91.51654473164055,16.37640764557479,37.041257027516224,97.34530560059326,209.89158534015706,6.123876865287861,19.187478718383684,102.87953510742724,12.319174159782737,0,142.3052611553937,52.77293721936307,7.363911135106822,79.43450419488697,9.966768754476306,12.778996152834006,9.078200326012373,3.723343416643308,7.495271884574917,11.761937133794719,2.4293320189220466,27.347281280216805,1.7532445738508187,6.767353760618086,53.97733434019947,9.886509936926705,23.37064671245378,11.095935998353143,1.5055349372663214,34.74504341290192,4.731752747006338,0.1620609950949161,0,0.35156596961599934,1.3743214410006794,0,0,0.41494964184442024,17.100195016495665,0.07728894183434358,0.7252663877231875,8.4210444336224,6.801507936755955,9.249290688693472,23.7606257544067,26.41847443931744,7.260005021823634,7.588116175239658,38.43860707485887,9.507921551990707,177.0351613070941,11.802638437087378,6.637663629158103,12.501125656128744,6.97524374982779,3.02038604896302,0.9108248364711998,0.9241333107138789,1.2063647742210648,6.534139861506819,4.527204296727178,1.2548807985091806,7.996872510747525,0.28886476886150875,0.23171525080617544,22.26117631918956,3.0441726908628612,6.343190635077441,4.089613537286004,0.7166785250502599,8.325086065251341,2.653057096498304,30.31687245896407
0.2594861758587449,0.05702497488650874,0.003102794772271083,0,0.017114822424762133,0,0.26664671167515935,3.2252713020365738,0,0,0.029975833307554964,0.6320861339190639,1.7878642419738275,2.9707377674934032,9.823475370250266,0,0.30459233440830463,16.094928189870306,0.6336141584999924,142.3052611553937,0,59.6818503679981,6.8870622542554925,26.83440099099446,2.54239398817353,2.71578537285711,1.0886471832957219,0.3957384543008573,1.1159660662865887,1.9480553098155644,0.03306331188218882,3.9525325948923147,0,0.3437634329006931,7.575748440768284,0.25518771847164,2.914317367380528,0.7463128361469713,0,7.1359622384908015,0.5122913408325103,0,0,0,0,0,0,0,0.6629866857057267,0,0,0,0.14252557072334954,0.31361338494458185,0.8339726757251558,1.774990382657126,0,0,2.863578680147834,0.40540471463799643,13.485601055762393,15.090330150678577,5.524508500255706,4.108553554711481,4.23480606759905,0.3570181944011818,0,0,0,0.13660385653808824,0.040103570224149135,0,0.08249074399668882,0,0,2.647492303822545,0,0.010485762696937084,0,0,1.1307406463458527,0,2.461727729995819
1.5434964673017757,0.7738099988119234,0.04317213496971256,0.04106209613026155,0.36842879185479893,0.03389074754444658,1.125939617899081,1.3560432423115807,0,0,0,0.05711914829850634,0.2449699271002311,0.491868579214672,7.150169388384216,0,0.00519426441394355,4.780291290276571,0.07416585275523369,52.77293721936307,59.6818503679981,0,8.068346958605881,82.63870519194391,4.044270265068796,3.8334184799046165,0.9031260850557856,1.3501636497231813,1.944944641571016,3.4469364026422817,0.006127323865750893,3.72600905751525,0,0.36521759705778184,6.636974884696375,0.1801137095421131,3.239715797395727,0.24569143351954031,0.0165107743236454,6.603083702763646,0.7631918041350483,0.03589865207206501,0.005630800528328717,0,0,0,0,0.006596917505843714,0.16723000719696188,0,0,0,0,0.006576678166202154,0.07144372452744369,0.5989629462400544,0,0,1.1007518408961734,0.017303290664899895,5.1569664645732045,9.504125500788598,7.300218426701166,3.231438589166554,9.098924807602067,0.4799889383870921,0.01935428542384921,0,0,0.17781132303208688,0.21316598514703475,0,0.20863496635036158,0,0,2.2420636055417935,0,0.03825272826929808,0,0,1.0541176220137767,0,1.4957818880464
6.2672836271468135,3.435410119760552,0.5799850353513368,0.12745709043804296,2.9206162816740595,0.29448699199255063,6.267217862742134,5.44804415211432,2.275302464780381,0.5446849289042746,0.0187075182627202,0,0,0,0.0171819188698963,0.24083830714632803,1.0471589405837425,88.49793087968008,137.2517408561766,7.363911135106822,6.8870622542554925,8.068346958605881,0,47.88488815029922,112.66338051836794,8.773917389301621,3.1760096603578356,5.4571487095546605,139.86902137092488,66.3110558303875,1.7801590575994573,30.18027587297078,0,6.660937123369546,21.894692275523543,1.8652971123899436,22.256284466193144,6.621254479267539,1.159317119569057,8.764978708445184,5.909728570357356,0,0,0,0,0,0,0,0.025563278694002906,0,0,0,0,0,0,0.010357889011199401,0,0,3.0746211165763913,0.5284308217761315,8.962208264836729,3.2146970830185992,2.578598511634482,7.457024878852865,2.2741504779023316,0.3518992335041001,0,0,0,0.06103188949038062,0,0,0,0,0,3.30600313145955,0,0,0,0.0036165371154559304,0.7426699346153858,0,9.174363727786314
6.390286394431571,3.793834570018972,0.8655053663907674,0.3324734171658899,1.2660223888823294,0.0591177693035955,4.702563867239817,3.721876687744393,0,0,0,0.057455783494295413,0.2583223310932949,0.33842267287794686,59.816557728131016,0,0,8.342395066231978,1.0053647504495309,79.43450419488697,26.83440099099446,82.63870519194391,47.88488815029922,0,178.66349045195966,56.42422779807676,6.011418413257296,5.979265914694402,9.300222340237925,12.181236623440856,0,10.47242642580009,0,0.8641253499852108,16.005645876350474,0.8596509312295667,10.998884144892568,0.6963774026550361,0.7409113876114226,25.67603223125425,3.0481314605961622,0.010291203174651159,0,0,0,0,0,0.010507683615238452,0.07048305582971127,0,0,0,0,0,0,0.2934614307560679,0,0,0.21524674528047014,0,5.005041902249131,2.833597998197926,3.2181529025732987,5.428250819627619,19.20731624410762,0.5140062157468541,0.010346032811618288,0,0,0,0.029108101373180675,0,0,0,0,3.2246988860864647,0,0.0180648810868651,0,0.008488015351761531,1.9843396953506616,0,5.7861955895110535
3.5052173091996237,1.8855401316304012,0.6451891906308951,0.7399576843903211,0.2609881669352251,0.027451047499043958,3.8920181664677123,3.1068669274520517,1.214127874153311,0.142466158870414,0,0.24215295414874308,0.29082094044321477,0.22308643234381986,4.248681803148802,0.06573981046432631,0.4564785586713741,16.39694010171046,26.709278112058854,9.966768754476306,2.54239398817353,4.044270265068796,112.66338051836794,178.66349045195966,0,192.19382874949534,117.73776982167492,22.53895363498436,360.7321093039016,16.397031064689926,0.2834394853501339,8.893395635883543,0,0.26336107281746207,30.1495733367485,3.9220018778149472,10.857775578602642,3.894848046541014,1.6919307081530515,66.46109747828982,16.083093009659144,0,0,0.0020893538118410323,0.019248426923566164,0,0,0,0,0,0,0,0,0,0,0,0,0,0.2339483118262035,0.05495858605920256,3.061101502031278,0.53497702064655,0.23378827434370728,1.0006971000351539,0.35812979384824456,0.07316580633718164,0.00843355695680843,0,0,0,0,0,0,0,0,0.43555534764527676,0,0.04610625757675348,0,0.032920764604165216,0.406482508796966,0,8.855913401524324
0.10820074852385275,0.01288735463479313,0.009856732666732967,0.055981976629452604,0,0,0.07010987719069556,1.8360093285926598,0,0,0,0.19019038469108368,0.6694255247120148,0.7028310050204438,10.571647856107813,0,0.07411085398078586,3.5418733802051827,2.8179669042439484,12.778996152834006,2.71578537285711,3.8334184799046165,8.773917389301621,56.42422779807676,192.19382874949534,0,57.884866721819776,2.6748103403589196,7.389216881268944,2.2272113439824652,0,2.0499919304756724,0,0,5.200963297092741,0.13075900416773692,1.9717906825109177,0.13288616391837696,0.05587648947400174,45.67767711516353,3.6127523144707236,0,0,0,0,0,0,0,0.029279051561406307,0,0,0,0,0,0,0.01850018130778516,0,0,0.009807013876161572,0,0.9087387841846802,0.0057893908476689925,0,0.05320790195780281,0.01624464381667032,0.00846800694160126,0,0,0,0,0,0,0,0,0,0.0529561679220884,0,0,0,0.0035647133308564297,0.08441934551643442,0,5.539289371112617
3.31816526342279,0.22882549270675773,0.08534688849454143,3.4783613771883344,0.0668830757473599,0,0.7639686895971801,2.5431210513096163,0,0,0,1.321821293266291,1.0337205909523266,1.1548889661213397,7.348908167241794,0.04260767500251172,0.20429006281216536,2.4975704579987723,2.0781787235688425,9.078200326012373,1.0886471832957219,0.9031260850557856,3.1760096603578356,6.011418413257296,117.73776982167492,57.884866721819776,0,34.98587275189359,5.6686624558583825,1.3222732703908318,0,1.7337570179475332,0,1.1653098910628066,34.06097014735435,4.538401517645983,6.2051667756943045,4.566254860946717,2.0731181985536113,110.87694730769155,83.30693261796529,0.009550716800336633,0,0.003661443937093384,0.3613690187215356,0,0,0,0.11820206501394813,0,0,0.006879030656110779,0.13103036524030398,0,0,0.010524236244555157,0,0,0,0,1.2656780975157853,0,0,0,0,0,0,0,0.005008687350505861,0,0,0,0,0,0,0.686089888758939,0.03815784958249049,0,0,0.06905074563548225,0.17036975236980428,0,7.778506740810057
27.944122714757697,1.9259046024720226,1.6282926620562896,14.29999171917639,0.39484191355693055,0.0770018443195986,3.8256082355265435,2.6947110726658807,0,0.7066415390831325,0.006434965644984786,2.5563681394239364,0.5642951756678747,0.36211101010751995,0.3487648088528465,1.6523110535225103,2.373830432091341,4.1682722663019245,4.158961980524753,3.723343416643308,0.3957384543008573,1.3501636497231813,5.4571487095546605,5.979265914694402,22.53895363498436,2.6748103403589196,34.98587275189359,0,39.5492204311954,46.572499487267294,0.271999098223804,56.69998984110895,0.1266596338719555,10.364885536665987,30.90866674637931,5.877336649396678,25.360118886021155,7.970785027893199,5.0803146416702365,20.11268257523136,45.43046506097571,0.4533128907078857,0,0.03283473932883006,2.1910152703018535,0,0,0,0.36870501951420587,0,0,0,0.541111576885382,0.0197239688411785,0.011934781465393193,0,0,0,0.2413760046285493,0,1.8360718995234915,0,0,0,0,0,0,0,0.08874951987296077,0.030992808650977876,0.00786955349041651,0,0.028278513603251773,0,0.00855823494366601,0.5005191542738175,0.7998357436843697,0.2492665686480644,0.031067284944425264,0.7341684557039589,0.0077774740249588045,0.026738655918214452,6.7206504073631255
4.668441683372497,2.237613756617391,0.6836276174184949,0.6223907403593131,1.9800278188410105,2.0003469070261937,10.871226291345891,3.608919559755029,7.420089982193465,2.5737693714636096,0.02322176375301811,0.014223562389962863,0,0.008113654682633782,0.24862910402347443,3.1263205843764976,11.715117130402891,15.220782014442666,76.34024341184212,7.495271884574917,1.1159660662865887,1.944944641571016,139.86902137092488,9.300222340237925,360.7321093039016,7.389216881268944,5.6686624558583825,39.5492204311954,0,422.9281085765121,10.920580685646478,14.476948649708959,0,2.9191767187256845,23.687467465852055,3.148266877259204,16.532761627261017,7.270741661133909,1.7051981648058607,24.49333887444273,6.457054945373693,0,0,0.0020216682591554604,0,0,0,0,0.058411883536753424,0,0,0.00851462197585039,0,0,0,0.008122062007115764,0,0,1.829525011861611,0.08766215406911677,5.003615143479754,0.30394270813268753,0.0593286087766384,0.556146367789708,0.015023206257748625,0,0,0,0.014700814676593668,0.0797226799729037,0,0,0,0,0,0.2517629946502285,0,0.0653011179363398,0.015571354752633191,0.07381631070652485,0.045932835922851425,0.02637670863333699,7.610255701993585
11.249363245776895,5.118896413798372,1.2698417918838538,1.205392896436297,7.525606888390862,6.410181624507134,16.19421217187698,7.01173635668114,5.922757614492861,5.42482282802352,0.9340151424379348,0,0,0.02938869257621973,0.5449845959596461,6.211949629238046,68.64108273945492,16.252298994709882,149.2817615312629,11.761937133794719,1.9480553098155644,3.4469364026422817,66.3110558303875,12.181236623440856,16.397031064689926,2.2272113439824652,1.3222732703908318,46.572499487267294,422.9281085765121,0,200.30720027382318,431.62056914559344,0.2840128755555814,12.21471131997046,21.478660450105966,3.1347633255575618,27.915643681655254,10.569245131353766,1.3502646493799677,14.413296643650055,4.007245300592376,0,0,0.0016173346073243685,0.013828937447655681,0,0,0,0.024754986860210274,0,0,0.30841125280901527,0,0,0,0,0.4783211136258063,0.12316245498164004,4.7204407233670285,0.04273503277409495,5.642445731652422,0.05092395729276254,0.011632710547210537,0.06833568417346378,0.019336041499122457,0,0,0,0,0.015999920565906076,0,0,0.023739103603118327,0,0,0.46255077935899624,0,0.0643745630208215,0.07525562807666483,0.06965853727685366,0.0351759030015916,0.03864924172350289,10.18562495469829
0.6163788553311402,0.6635427938617812,0.0075660103297549765,0,3.4603113445551044,2.812370092527223,4.8518916009961135,1.9921824637845305,1.0546910789737618,1.8527994474665297,0.07220717846638675,0,0,0,0.02896110305423164,1.8279241057147564,77.29986176206069,2.5535528224512776,76.00057688055614,2.4293320189220466,0.03306331188218882,0.006127323865750893,1.7801590575994573,0,0.2834394853501339,0,0,0.271999098223804,10.920580685646478,200.30720027382318,0,105.96009313027965,0.05415091121174043,3.8384489391508416,2.415092639048223,0.07639700575047044,7.106674876182492,2.7444391539434525,0,0.20019432294550715,0,0,0,0,0,0,0,0,0.03558460358595105,0,0,0,0,0,0,0,0.08219047770354361,0.020251305681289286,0.7577590589199009,0,0.745008408489955,0,0,0,0,0,0,0,0,0,0,0,0,0,0,0.0774241718735593,0,0,0,0,0,0,2.1476188480965
42.39763399344429,8.784541604364117,1.2453288745812183,4.037617255590169,11.365009512672453,20.229596338921944,7.1660887725986635,9.392849787698822,0.7719872626722724,35.54943051168484,4.6377395261906855,0.14255753430048537,0.01891135765823447,0.2748005213382647,2.341313687728745,51.192586828834315,221.35106819737672,34.74865903589895,37.26192676647487,27.347281280216805,3.9525325948923147,3.72600905751525,30.18027587297078,10.47242642580009,8.893395635883543,2.0499919304756724,1.7337570179475332,56.69998984110895,14.476948649708959,431.62056914559344,105.96009313027965,0,77.55164881180677,164.6497310535213,20.20278663216482,4.909091874140551,55.312151105243736,8.614307733033462,1.3039260087141786,9.223957714860639,4.692899267097087,0.02359643094082059,0,0.002556328854696791,0.15450088698681105,0,0,0,0.1262863390876502,0,0.018124218121606563,1.4382246948402417,0,0,0.054160361723075486,0.0966946013959902,3.506775301297021,1.4475614126287497,11.21534594828623,0.5037177296197027,12.170645170517952,0.1635255230327842,0.010479315509013732,0.019548777334197097,0.03208530352399478,0,0,0,0,0.07299337882309692,0.021306663605693173,0.046628920983852816,0.5494620801992882,0.03353181845978504,0,3.135963933898828,0.08713036475892962,0.49637245644869016,0.515788197024777,0.11996099206401423,0.3949211506116172,0.03067806800750116,11.28795709133965
0.36188383411473823,0.1302551844756375,0,0,0.643953728111147,1.030806489689655,0.04267007139025968,0.4087261847119172,0,6.094050308470812,0.297839485721586,0,0,0.007366217248418902,0.008572469921769289,22.88392509151553,50.5559759117239,1.926224737834994,0.5786630915573878,1.7532445738508187,0,0,0,0,0,0,0,0.1266596338719555,0,0.2840128755555814,0.05415091121174043,77.55164881180677,0,60.98792656138131,0.5725787763788545,0.24092183886220847,5.522369861684871,0.2729222008210431,0,0,0,0,0,0,0,0,0,0,0,0,0,0.01634895353891418,0,0,0,0,0.1906173418773626,0.09862707629914454,0.32082259339043057,0.00427567398547646,0.5002805266901583,0,0,0,0,0,0,0,0,0,0,0,0.022420757583233305,0,0,0.03163282360858002,0,0.005341862664452439,0,0,0,0,0.3474617023770395
134.94841123152617,19.396845358359926,0.36555767553799146,0.9958933088754887,73.79133672219058,141.00251850740378,4.948556542190167,10.099581596271127,0.2081334623959636,94.33399685481517,1.1333130939102654,0.018500685106370738,0,0,0.0364010690423736,111.18627341932002,95.02044882036749,13.164451991143407,10.442094182270118,6.767353760618086,0.3437634329006931,0.36521759705778184,6.660937123369546,0.8641253499852108,0.26336107281746207,0,1.1653098910628066,10.364885536665987,2.9191767187256845,12.21471131997046,3.8384489391508416,164.6497310535213,60.98792656138131,0,5.441584097221106,2.1524103167743895,75.06770923319611,2.377674234179219,0.06343364786419688,0.10257163504319411,1.8167978682052517,0,0,0,0,0,0,0.02816397713839529,0.5320285715849937,0.024479096476860016,0.023425542125974787,0.15531798936506194,0,0,0,0,0.14013544997256647,0.05071281412486453,0.4569441948555407,0,1.2211915076891902,0,0,0,0,0,0,0,0,0,0,0,0,0,0,0.0416056670918268,0,0,0,0,0,0,2.23585612399241
11.417487004844228,37.060003140776075,10.848543994881206,6.461993641203441,39.45384835306401,10.629998141745181,90.39156627767638,141.94183713138216,7.701706380012746,45.09979648311808,18.146461336451896,1.3622691866001275,2.6757890033318517,3.3322159848795208,8.085898794705058,34.519814988175725,15.8643747042787,54.70086391223509,20.595337994284776,53.97733434019947,7.575748440768284,6.636974884696375,21.894692275523543,16.005645876350474,30.1495733367485,5.200963297092741,34.06097014735435,30.90866674637931,23.687467465852055,21.478660450105966,2.415092639048223,20.20278663216482,0.5725787763788545,5.441584097221106,0,340.46762934243594,45.19167567843321,38.99608320422503,26.451640231218356,219.62892119686384,115.39312753468725,0.0833181635042202,0.5036995665984689,0.4815138522375738,0.6327243363367541,1.598777307645788,1.7240782167294995,11.562117645722939,35.75167223468488,3.4960064132799844,3.724514614691636,3.744298003709089,0.7071197205257038,1.0214704269975179,1.3522427110418973,1.3230831554771543,1.2414588679577039,1.7778305671360455,10.16613028268949,2.659445370296399,21.20643167296049,2.867758392021413,1.7956539556112705,5.27013191878079,3.6860785761244568,0.9593893259704966,0.20880081370620635,0.4265929221423272,0.28915159957653047,0.41258502041410794,0.1739059371744751,0.06250206920686328,1.155077673484978,0.016140927577114345,0.13802435107089583,45.55131751672141,3.6909762109198367,5.7534191786677615,3.4955884136046467,0.6455292197694071,8.821540043321212,3.42088317436127,412.2555670057153
