0,11.76038570412978,0.27700915749163096,11.2353336547774,2.0056944106751753,0.1674561922439141,2.8711768661900785,0.026718323628155096,0,0.023028313477598775,0,0.03637895742316281,0.0029215705331975816,0.0013551016344248087,0.00016156520009324364,0.025408321679891505,0.046792705143853225,0.023161096956105322,0.024525190821772104,0.010619551767044119,0.001518643888154424,0.00955917195897715,0.04026074996600785,0.04191996435760194,0.025432806415308436,0.0008565603989019091,0.05848204435297775,0.5905677178217736,0.03853290583605211,0.10392536195452312,0.0049400477962735214,0.9780039505285864,0.0036290315526707217,10.286570293798052,0.1233453392311511,0.2940835084677766,0.7745399312252432,0.05740651778552833,0.131550747611015,0.03296843776354822,0.05979065245500871,0.0047135332485219806,0.0008588984694009926,0.0030445305550067057,0.038077010074344615,0,0,0.0022775804199641355,0.007776975706984643,0,0,0,0.00606394668225599,6.709860262274679e-05,0,0,0,0,0,0,0.001610989554585608,0,0,0,5.990873513765862e-05,0,0,0,0.00010239991053996551,0,5.8049174277203514e-05,0,9.799470478391802e-05,0,0,0.00011016274702571754,0.007779437369568372,0.00010226055747580655,0,0.005875226269727767,0,0,0.03725271195162091
11.76038570412978,0,0.015143381393082272,0.002473434266390934,8.949549248676563,0.1754719820732914,3.1602779122792284,0.043435898659322555,0.0007207767644961375,0.020323239856319193,0.00013677276388130986,0,0,0,0,0.01801729281521917,0.04251425769651665,0.01615389304457486,0.019038331872789117,0.00894528441466143,0.0003046603294669866,0.004492316093898739,0.019848058682969048,0.022972864537665408,0.01179183275452465,0.00010430713088248778,0.0015399353276117967,0.01681076150454347,0.015066408731980086,0.036813360091920676,0.004702747344210942,0.09419624799627792,0.0010883538337061883,0.3889627018960685,0.4455846705088832,0.8291697698174524,0.5965346232765365,0.10305305445945745,0.023869965327450036,0.02734668742663203,0.012125486431161523,0.00208945021214052,0.005700921545683322,0.0037363234547078796,0.0038022901784586518,0.0018578717542114852,0.00013871660613295775,0.02521572822494012,0.02713386636654552,0.00019377428882609338,0,0,0,0,0,0,0,0,0,0,0.0006490305900112567,0,0,0,0,0,0,0,0,0,0,0,0.00010173001733628822,0,0,0.005591806650061111,0.005662024860643336,0.0010994775203649343,6.092321794526724e-05,0.0006356214121743182,0,0,0.1029751149219159
0.27700915749163096,0.015143381393082272,0,1.5998752596025534,0.0005729546083720473,6.147678304312222e-05,2.201274910126095,0.5620396730799295,0.00021648699283955083,0.0008927173047429235,3.4188603877607816e-05,0.002788008248966203,0.0002086712503342275,0.00015786621467716886,5.0618995100229555e-05,0.0006834794599528194,0.0009849568910476813,0.0029659577856167977,0.003200265636232302,0.0033107360907105223,1.6184708649565013e-05,0.00024023297775570634,0.003044061243681115,0.004948980717551879,0.003893679786757291,6.528250001423732e-05,0.0006767886051129234,0.013550016812506924,0.004701370891493775,0.00894473339568456,4.765337870090225e-05,0.009334594341960612,0,0.003753521834104887,0.11442021207543324,0.35076359434500143,0.25405352360424444,0.0237908779653661,0.09139173635813697,0.006070558642274028,0.003105505840625123,0.007723639373493394,0.006625299344521173,0.028156876723138994,0.06345616263947085,0.0012502446144995922,0.0001636172958215191,0.03797345165941074,0.0659807148765281,0.0002939933737290011,0.0002929959157054039,0,0.007989329209615635,0.0003125903776392474,0.00028265266901199195,0.00024537166125797837,0,0,8.224617268484115e-06,0,0.0020170311369039204,0,0,0,0,0,0,0,0.00013889533795616071,0,1.286185343350429e-05,0,1.4461146433915347e-05,0,0,0.005718375404378816,0.019702865179110015,0.003703175864100021,0,0.0038473384164427124,0.00012060044586065631,9.17484741705609e-05,0.021475735172095726
11.2353336547774,0.002473434266390934,1.5998752596025534,0,0,0,0.02659694591360388,5.141506540335494,0,0,0.00017099126024637415,9.928568056918094,0.09227307568803611,0.04903911921135057,0.02099251795362158,0,0,0.0005787362603945338,0.0004665294800005446,0.023177570533411646,0,0.0002506974662129807,0.000744346155365472,0.002111766925916405,0.006216339083490842,0.0004927338837740599,0.04625484026307826,0.2003893753086173,0.005350968554478484,0.010511284020788067,0,0.04736082128488799,0,0.01934201466197449,0.06408548918089976,0.22498904540891385,0.19246158873059507,0.009511335967202645,0.2030102990260956,0.01140856532836997,0.02475280949029075,0.10166974488603911,0.008786581041898221,0.15428267643746207,5.2492283535479,0.0006436411957584893,0,0.06822798810253837,0.3413649882378962,0,0,0,0.8531399210352337,0.03939453833962717,0.018571015402788667,0.010564330682321633,0,0,0,0,0.0140873269204752,0,0,0,0,0,0,0.00015717978409098595,0.005199597577961111,0,6.121334690922308e-05,0,0.0006175097099023742,0,0.0005068861849262317,0.007421742958551693,0.173772983108709,0.009653500575448231,0,0.05832815041850402,7.777294831577355e-05,0.00037763768646818243,0.008877497226446276
2.0056944106751753,8.949549248676563,0.0005729546083720473,0,0,9.46064370260185,11.12172630070288,0.21629744921298966,0.07888127471560785,0.10529362948000229,0.0005158804945350412,0,0.00046181173478166695,9.060001970460738e-05,0,0.05087500658967991,0.1369769418869205,0.029445940736952517,0.06230913940119007,0.011417352394746061,9.799553633151139e-05,0.0021402784340613,0.01729678890002,0.007480463792694034,0.001549699924125934,0,0.0004471288982805799,0.00316196458775598,0.012060688146963337,0.05070550936793482,0.025728418546253715,0.10386551337884563,0.005729392162860231,2.6691404376940486,0.47885076722506176,0.46274434958271726,0.555188986976488,0.1028629370877285,0.0003236696365265161,0.014173345630602767,0.005390068278200792,0.0003199351851422193,0.000986390604789448,0.00029421873724333014,9.20923980189394e-05,0.006188370039482091,0.0034542049834371978,0.05612447926906973,0.07480995241082687,0.004426379492123163,8.173753553530716e-05,0,0,0.00010361858929213962,0,0,0,0,0,0,3.9943679913908026e-05,0,0,0,0,0,0,0,0,0,0,0,0,0,0,0.014004710292223332,0.001237731389313729,0.0013455165997117372,0.0002815139053008344,0,0,0,0.11666673855608033
0.1674561922439141,0.1754719820732914,6.147678304312222e-05,0,9.46064370260185,0,3.121073581129622,0.440607740541573,2.4431577029123335,12.78604400090782,0.0006871935964348055,0,0.000151243667475692,0,0,0.1661211051651859,0.21528128322646406,0.0344894363575342,0.08372670530833665,0.0021024990657699397,0,0.0002039603946684796,0.001873887974893356,0.00034964377397442336,0.00015999025232643735,0,0,0.0009067589187439659,0.013259058604562843,0.04778574836135072,0.023727754959650654,0.434772004292852,0.014854169252351335,11.009164277134216,0.12440884637560008,0.0826773624214341,0.24999106772732946,0.0442217749658717,0.00026477739725392995,0.00014411797419837754,0,0,0,5.650830940594794e-05,0,0.0020983663859322934,0.013909147589521284,0.04019567531271168,0.12275862820938489,0.04231247252736856,0.011211348334233033,0.00010560940804944758,0,0.00017919406671779137,0,0,0,0,0,0,5.936856022115163e-05,0,0,0,0,0,0,0,0,0,0,0,0,0,0,0.01132593170187854,0.0017292729244471684,0.0021244819178012422,0.0004411439788627036,0,0,0,0.05126499381330364
2.8711768661900785,3.1602779122792284,2.201274910126095,0.02659694591360388,11.12172630070288,3.121073581129622,0,6.808678884822751,4.031162020888656,0.2723968752340653,0.0038281374183738084,0.0021117082053759575,0.005329176796041472,0.00017336600226725859,0.00023320348370528394,0.03762605963212813,0.07764276655663212,0.05788227046430422,0.18184723739009442,0.02525529255201933,0.0013918623872258373,0.0061279360291681935,0.0355239401502772,0.02698104836003446,0.022837495235940863,0.00042072110914721805,0.004679652798519124,0.028535881649472714,0.06916773607819394,0.1102956850590369,0.034411574684992785,0.05106227406377839,0.00032037209794389835,0.05444312098995179,1.085836904806516,1.6986247155178573,0.9764298313299188,0.16018535643195556,0.073043832136233,0.045732812779664955,0.022012096510624787,0.007801270513506115,0.02863538898890535,0.0219552060276008,0.0326960406398447,0.051843900745392225,0.04812330038596919,0.44816016852810836,0.5731168603610973,0.06950411620993333,0.004683563154947011,0.0001119694401266458,0.010052019630941331,0.007158703410899768,7.164080285590586e-05,0,0,0,0.00017057095834533206,0,0.0030130121420982796,0,0,0.0003591736943220037,0,0,0,0,0,0,0,0,0.00026069675163032486,0,0.0006579512699237697,0.08898663109716781,0.05296877647808265,0.03927310830372839,0.010656533471430427,0.003203302232340301,0.00017486063089855198,0,0.21780535420649128
0.026718323628155096,0.043435898659322555,0.5620396730799295,5.141506540335494,0.21629744921298966,0.440607740541573,6.808678884822751,0,12.14291110302208,1.8341514948058062,2.8534632496791237,6.836569350580178,10.8030473071508,3.3402742502569915,0.21482655437592932,0.053897459214644686,0.053303423073326035,0.08669738098650989,0.07729568325249396,0.5550934873570742,0.021170953425112837,0.007732959236747036,0.0305520177839055,0.02143669670215413,0.017717389902162938,0.011491637051729653,0.015024964766475985,0.018563838712473704,0.021796993635490876,0.042698042219262315,0.012757429368703069,0.06601434984804665,0.0029221539981733277,0.10328509780110477,1.7161285104940898,1.051570994646681,1.5583420774833092,0.4146114904542759,0.0279080682846518,0.04655659979640442,0.016662292789069784,0.027504238876313956,0.03916237199846604,0.06843296659590095,0.2760756943806677,0.07475814485142576,0.1313393280639727,0.6192107211721422,5.7592462953991745,0.32704380230078994,0.25387208663680616,0.11454929363776649,0.5620419759723351,0.37707898906319054,0.15327900902296487,0.04132237163728298,0.016251510680719856,0.0004936141591638679,0.01628163731788957,0.0065290270924346335,0.11268887984287972,0.00407378659528527,0.00034063514017859523,0.006685061689311324,0.000906164870316601,0,0.0005810154787822599,0.0006426355667556604,0.002193338488558084,0.0008307656601443872,0.0005689768093046409,5.181570357337198e-05,0.0029972289754786404,0,0.020877237898337384,0.2863073276149561,0.16576975664613997,0.16506625402903954,0.0662051764072777,0.010384767970645012,0.012676330979251077,0.002409783334014911,0.5515160742302164
0,0.0007207767644961375,0.00021648699283955083,0,0.07888127471560785,2.4431577029123335,4.031162020888656,12.14291110302208,0,10.909242942887229,0.00023554600980319528,0,0,0,0,0.059437639388294744,0.04907403033895158,0.11372191760456436,0.2611018435773299,0.00021811577106002877,0,0,0.017537294699424368,0,0.008107428480580643,0,0,0,0.054196435007785204,0.04485250839351053,0.008754248851095266,0.005462801824389383,0,0.0022804914317882557,0.09693251255042934,0.062307920191352964,0.08093196059579254,0.0306415755656217,0.0001301740554018905,0,0,0,0,8.169349256163996e-05,0,0.0016486584331787469,0.036224776306054564,0.0449291954330711,0.3087653077362997,0.13084253292933581,0.08445626309005239,0.0068151456415926365,0,0.0018939419297243777,0.002139962623420197,0,0.0009227202568183405,0,0.0002115224471553333,0.00013552743765275223,0.0005822374012212344,0,0,0,0,0,0,0,0,0,0,0,0,0,0.00045008407507549065,0.017631875253837002,0.0074387595607407,0.009187449410167609,0.0006091227675333605,0,8.300460114225919e-05,0,0.05261662297992082
0.023028313477598775,0.020323239856319193,0.0008927173047429235,0,0.10529362948000229,12.78604400090782,0.2723968752340653,1.8341514948058062,10.909242942887229,0,0.4462951898745209,0,0,0.0036533374100482813,0,18.354325774028784,0.4714796615180977,0.18763681588261677,0.14383695002250366,0.010043115064545494,0,0,0.004106222676866687,0,0.0009918425684758564,0,0,0.0064214485743120655,0.01912071785156567,0.04267184270662709,0.016565826200188156,1.1779711472714742,0.17093658536364864,4.785227802851128,0.6431680199459455,0.28872739648970064,0.9598191019933849,0.5154704414418815,0.0012144668249037221,0.001362074601671373,0.000893707200943862,0,0,0.00014761370436429326,0,0,0.006966901607154718,0.0030640438790522704,0.23744895083866924,0.05479177012408724,0.27577540898130953,0.16284650374494092,0,0,0.024740953626415606,0,0.05096979780261545,0.005543078659344693,0.002288795068810955,0.0001098451183265469,0.01026656013671751,0,0,0,0,0,0,0,0,0,0,0,0.00012134299590279165,0,0.0009989957576155514,0.02516534994353454,0.020382720054592518,0.03325209034241277,0.010001370195159565,6.077627396796081e-05,0.0004057079920059868,0,0.5305148940141033
0,0.00013677276388130986,3.4188603877607816e-05,0.00017099126024637415,0.0005158804945350412,0.0006871935964348055,0.0038281374183738084,2.8534632496791237,0.00023554600980319528,0.4462951898745209,0,0.004795211293410722,0.07996533802163443,10.763617616643096,0.009882304823983827,0.3707455523538326,0.06075973299083452,0.15706183306922433,0.0016487529095505946,5.195923223112077,0.0002806549570332947,0,0.00023627331093285022,0,0,0,0,5.145420387475641e-05,0.00017567025938533778,0.007140809375467802,0.0006579865287133063,0.04777708451702736,0.0037661906216637136,0.011385150734131662,0.22803830118915108,0.07391053310263539,0.11682121252823227,0.05203180356209741,0.0001729078230183519,0,0.00012750575102101576,0,0,1.5875402047062705e-05,0,0,0,8.337925932430067e-05,0.1901492811456674,0.0020074488695267048,0.16899885394280567,0.525674970521013,0.0002947119847070446,0.008384780914663794,0.15355539115614275,0.005238482729192952,0.08408270723808225,0.033644472155261056,0.03821180872222332,0.0032484117180116515,0.1336734649507789,0.00016726959259326157,0,0.00010062522969263021,0,0,0,5.9460348181623503e-05,0,0.00019525261209336697,0.0020767670346427823,0.0003776038529093977,0.016943364416807088,0.0003793212042088232,0.003072457629883432,0.0411031359010585,0.019091909203817113,0.027652472536107336,0.011003373314048858,0,0.005430459750002693,0,0.1507316129751201
0.03637895742316281,0,0.002788008248966203,9.928568056918094,0,0,0.0021117082053759575,6.836569350580178,0,0,0.004795211293410722,0,2.9618224900383487,0.4343389368141843,0.142196197328225,0,0,0,0,0.13941257120678807,0.0045172927808445704,0.00038598467217247417,0,0.00040413010690817366,0.0016560119915006578,0.001243745484665734,0.01181970446166393,0.03326306164493785,0.00011726674813616983,0,0,0.0019471592121771313,0,0.00035111327455795977,0.012926695812473098,0.006112700967526502,0.02791745346169578,0.0007778869850601123,0.04087106594039926,0.009689565345986693,0.009751714508876387,0.020478544125926854,0.00011771791906696939,0.013677849185285964,0.7768381932795903,0,0,0.013714813931530427,0.3679743623109913,0,0,0.0001601947076954659,4.870744990697253,0.19965576648204092,0.04620110385720898,0.024609958974078965,0,0,0,0,0.0361907461750217,0.00036678457587765187,7.745877588681473e-05,0,0.0001010578439565285,0,0,0,0.0006800652346362597,5.662876856716074e-05,0,0,0.00010589784650448725,0,0.000150222735778357,0.004271358017780756,0.022134755775104074,0.0028811364485878533,0.00024973969936856996,0.028526036802056173,4.92750621481346e-05,0.0004269451513952055,0.0006144820499971512
0.0029215705331975816,0,0.0002086712503342275,0.09227307568803611,0.00046181173478166695,0.000151243667475692,0.005329176796041472,10.8030473071508,0,0,0.07996533802163443,2.9618224900383487,0,3.804842148060703,0.40432066606276684,0,0,0.00023722447645381782,0,0.4440395402707472,0.016130851312349034,0.0020213367108946963,0,0.002171464199243021,0.0019333135111237174,0.005332224532903901,0.007701385163438273,0.005060737332486354,0,0,0,0.0001549079621828452,0,0,0.0263931981256947,0.004996369671053076,0.020653781800780036,0.00169505659510443,0.009514029532540526,0.016767341236735248,0.0016109275597790298,0.0011005169759670007,0,0.0011405899272792053,0.03642379276289448,8.195829851139964e-05,0.000499440208625497,0.010638347979957238,0.5137850712664955,0.0008568304877298814,0.000146955710522746,0.0049509399356665075,0.6797876065306263,4.4970903856844275,0.21738077967165922,0.04410453267795435,0,0,0,0,0.07937802341183177,0.0012396483493100389,4.138684315390441e-05,0,0,0,0.00012035793877236118,3.4899837976221716e-05,0,0,0,0,0,0,0,0.013712678024316815,0.0028817270340825147,0.00548658699213608,0.0007683686669362006,0.006502665026235695,0,0,0.006541581279943103
0.0013551016344248087,0,0.00015786621467716886,0.04903911921135057,9.060001970460738e-05,0,0.00017336600226725859,3.3402742502569915,0,0.0036533374100482813,10.763617616643096,0.4343389368141843,3.804842148060703,0,3.316441945300649,0.003672676055385625,0.003149620558498675,0.0087184718054878,0,2.8782877410693493,0.03821560793166274,0.005523509323291417,0,0.00407603996672587,0.001970211654386093,0.008251810242576593,0.010558137074621277,0.0025926573687119225,6.642369777023154e-05,0.0002541432979367751,0,0.002718917478938112,8.521877590319754e-05,0,0.03313611092707497,0.0014424208334844,0.01536175280805116,0.0008010668660966255,0.004274379098700054,0.03765049127814802,0.000642496423422626,0.0002449873145196446,0,0.000583672644946558,0.017472540313557394,0,0.0001628474525883213,6.331097648766163e-05,0.19283856079355263,0.0009221178449671377,0.020875480450555792,0.1173244921025279,0.1014815837180459,0.4301094467756901,5.410041471705481,0.2652056845892317,0.01343332221765281,0.0014729014088658982,0.007474306327038972,0,0.2866169013419547,0.006706704338314725,0.00030211298286273884,0,0.00023304828009797522,0,0.0001839419830617906,6.795017294083944e-05,0,0,0,0,0.0004188744015477235,4.398913940613798e-05,0,0.008640713048565918,0.002313011199660973,0.0018895294465034768,0.000506301476587342,0.002602354931120372,0.0003210608852179228,0,0.008971294643156838
0.00016156520009324364,0,5.0618995100229555e-05,0.02099251795362158,0,0,0.00023320348370528394,0.21482655437592932,0,0,0.009882304823983827,0.142196197328225,0.40432066606276684,3.316441945300649,0,0,0.011426661599359166,0.03933912941463357,0.007918319781913187,16.376585938388637,0.23805140530446456,0.2198981177090976,0.00016648621889229557,7.322309624379936,0.056857661026795694,0.3575430499295815,0.109450560913663,0.0025261674133936277,0.002365548111038459,0.004667547675345941,0.0002751559424047039,0.022625513037409176,0.00011324872627623128,0.0003444573398868333,0.10477114541739861,0.002356508903231858,0.024712388034545396,0.005844979117284219,0.001551730368168696,0.376706832290217,0.00914154002857625,0.0003690127046684384,0,0.0002527446276956251,0.006147939689056647,0,0,4.0241355591150854e-05,0.04208185383224751,0,0,0.0038948902420300885,0.03860112937638214,0.05334285897676681,0.49645303833317306,2.8919859284909273,0.00047560091129419626,0.0009099314398743661,0.017161961744983294,0.00043415843901534694,0.5544899761598207,0.014469288371715973,0.0033488974054118946,0.0002846069258730233,0.002680036454810881,0,0.00014632953381132907,0,0,0.0006173939871007831,0.0002456799152103748,0,0.0003897115131750122,0,0,0.01160189233256819,0.00040186052599811543,0.0001668946243245816,0.0001007660040005953,0.0008414438277182897,0.002431682757652154,0,0.026250118676067587
0.025408321679891505,0.01801729281521917,0.0006834794599528194,0,0.05087500658967991,0.1661211051651859,0.03762605963212813,0.053897459214644686,0.059437639388294744,18.354325774028784,0.3707455523538326,0,0,0.003672676055385625,0,0,16.74669219368947,2.7322617395319364,0.18124543530322965,0.08373465800493583,0,0,0.001940788820854746,0,0.0004922781631571065,0,0.0004091636303931253,0.01552778165302157,0.025558910762617414,0.05414125222695211,0.01841105884787299,1.4740301582823538,0.9750736744974637,4.361850012888291,0.4907570576658304,0.11318173270571631,0.900624036609489,0.41055437101553555,0.001677740198900622,0.002355945745335455,0.001043338715026368,0,0,0,0,0,0,0,0.00481913003676078,0,0.017996841206861066,0.057749329926013705,0,0,0.01392429697681016,0,0.06755701305938122,0.04617825232136951,0.037216788630828765,0.0014679450178615822,0.05797775474460743,0,0,0,0,0,0,0,0,0,0.0006531182343466985,0.0002706860153151782,0.01630577729070901,0.0009035721020191799,0.0008373032891372709,0.010908268036271717,0.0011676033560282342,0.0019147238730118075,0.0002947870494767387,0,0,0,0.39891886679817123
0.046792705143853225,0.04251425769651665,0.0009849568910476813,0,0.1369769418869205,0.21528128322646406,0.07764276655663212,0.053303423073326035,0.04907403033895158,0.4714796615180977,0.06075973299083452,0,0,0.003149620558498675,0.011426661599359166,16.74669219368947,0,1.9621461597525256,11.788190692064223,0.21251329939754932,0.002773692214139979,3.89611714305054e-05,0.010163230031903756,0,0.003753394935976387,0.0005658569758250747,0.0015742257970249207,0.021167436428287605,0.1238755518654257,1.373277727550195,2.606473998862916,9.240284343927726,2.8517550883958505,2.4410011948691364,0.2117616729317833,0.043283998216960315,0.5970133904812541,0.1257168162876361,0.00265724571863075,0.020505076982763593,0.00638050864275433,0,0,0,0,0,0,0,0.0011194702191848881,0,0.0014949208257234,0.020928673340309244,0,0,0.0014758372019892051,0.0004791924203967271,0.051316880374912055,0.025848296307833737,0.08494801625188886,0.0044423466516684855,0.08038503643010797,0.0001208982016235706,0,0,0,0,0,0,4.2310886868225796e-05,0.00017747073145217711,0.0006991804798202856,0.0007049821563550788,0.009345487686565805,0.000441103209262812,0.00016723834177364666,0.022200911596562945,0.00033243468885787715,0.0029632250397568127,0.003479313153036959,8.441967342766658e-05,0.0021837328487288982,0.0003127773233666661,0.11126367920009136
0.023161096956105322,0.01615389304457486,0.0029659577856167977,0.0005787362603945338,0.029445940736952517,0.0344894363575342,0.05788227046430422,0.08669738098650989,0.11372191760456436,0.18763681588261677,0.15706183306922433,0,0.00023722447645381782,0.0087184718054878,0.03933912941463357,2.7322617395319364,1.9621461597525256,0,24.043796167512486,4.427220166487587,0.7069671022279622,0.07710605367727212,3.4872617043590846,0.10715095803684481,0.18653168949419643,0.036895245058571835,0.018820105959603938,0.029475690039968926,0.14795966203120814,0.1407576280448027,0.023191918484757847,0.32482243811024425,0.021657887628494688,0.12556714442151806,0.6328566589614991,0.07171025331404912,0.46132693587694956,0.19454770400621105,0.010802336338426755,0.1381518794144928,0.04405733158397536,0,0,2.1714534979490238e-05,0,0,0,0,0.012067572220299829,0,0,0.014581705431604891,0,3.467480519371592e-05,0.007361458622183604,0.015272578981149686,0.017118900098350556,0.04395313684281713,0.17157100850991291,0.050289493239226386,0.3321267921657098,0.0358646767231924,0.018365117373137275,0.05227198890802032,0.017119030754415353,0.004590673039371794,0.00044121327321391246,0.0001777809444082604,0.0003312278592494895,0.02120313161251741,0.01975193439664503,0.005026478962392453,0.03558525538434859,0.000769345947844583,0.00031717331856459475,0.07844921227039146,0.00277045244554313,0.010658669723722,0.003373255295395661,0.0006357714509580761,0.02457611414200654,0.002199619504246876,0.27476037556851773
0.024525190821772104,0.019038331872789117,0.003200265636232302,0.0004665294800005446,0.06230913940119007,0.08372670530833665,0.18184723739009442,0.07729568325249396,0.2611018435773299,0.14383695002250366,0.0016487529095505946,0,0,0,0.007918319781913187,0.18124543530322965,11.788190692064223,24.043796167512486,0,0.14698390515027032,0.0071996272042646305,0.0006695726455644021,7.423902563171076,0.010510194226043493,0.3364209087614915,0.030240504760400085,0.016451806490771964,0.03146800546006121,1.1461918044540929,4.017661535161696,2.8059306176470327,0.4164845275096844,0.006520728173922998,0.10286024633043092,0.22015696970823334,0.021655980017797484,0.3639801802642336,0.14509756919285566,0.00934497361139454,0.10076238606915568,0.03764949341738327,0,0,0,0,0,0,0,0.005984553871676566,0.00029074003390388084,0.0002539857670181401,0.00048456793786032275,0,0,0,0.00046073959774187563,0.0004988428630634715,0.001473229966296766,0.04845439325343872,0.011042866538150148,0.08850562067644699,0.008251131388262032,0.0022934909860591324,0.010685898823950643,0.0006316912786742929,8.195304321577565e-05,0,0,0,0.002468032295407508,0.0005303632384112926,0,0.0005097579767959091,0,0,0.017039880402582763,0,0.0010146799535241979,0.0004996941262556699,0.00041077557473007315,0.0013257049111680902,0.00020863213791789205,0.11213137882515134
0.010619551767044119,0.00894528441466143,0.0033107360907105223,0.023177570533411646,0.011417352394746061,0.0021024990657699397,0.02525529255201933,0.5550934873570742,0.00021811577106002877,0.010043115064545494,5.195923223112077,0.13941257120678807,0.4440395402707472,2.8782877410693493,16.376585938388637,0.08373465800493583,0.21251329939754932,4.427220166487587,0.14698390515027032,0,13.073321386572642,3.169792607829305,0.08154567248369687,4.333986993436897,0.0996455587722157,0.1923556019098778,0.0905064378852725,0.025989542718993393,0.06478505701055334,0.09731034077987095,0.021929540881690232,0.2632843356596519,0.019711739888926556,0.06225931392847109,0.6568877213095407,0.08379251799146578,0.236508458207347,0.11675204352813241,0.010827093006276439,0.5347990133618624,0.04020311746781501,0.0008214663333301136,0,0.0015839961155611458,0.007891654346798243,0,0,0.0020020012054205623,0.11502048926638167,0.0004547857415412376,0.004925495889910772,0.0868771768764169,0.051422600111473545,0.09219259167610167,0.4400959349994056,0.602377315681042,0.055596442830040844,0.061816811854211846,0.31150825829827666,0.0737251714681202,3.977178206506218,0.12464359704110825,0.06441071705749356,0.0841420935044459,0.06396416655290574,0.019593725288490824,0.006815192101905934,0.0058585375621390086,0.006470819427017204,0.04321841588621326,0.029148035871955694,0.009933664805774612,0.05390270252890834,0.0022562538072089956,0.0016392636943697823,0.18465722755187078,0.020700675544820638,0.04388262409965512,0.02988378144382039,0.004271034289866158,0.06923287183897464,0.01673438063564318,0.24896123700514544
0.001518643888154424,0.0003046603294669866,1.6184708649565013e-05,0,9.799553633151139e-05,0,0.0013918623872258373,0.021170953425112837,0,0,0.0002806549570332947,0.0045172927808445704,0.016130851312349034,0.03821560793166274,0.23805140530446456,0,0.002773692214139979,0.7069671022279622,0.0071996272042646305,13.073321386572642,0,4.051246826738784,0.19222851203691466,0.7059326039350832,0.026022565083243646,0.03579129751224607,0.009482737711784537,0.002721992380177506,0.009194710962235753,0.014725066337526219,0.00029622111221578093,0.03227155348876296,0,0.0028442998944589984,0.07912631382560961,0.0018288302481842087,0.026087432063473463,0.0072093377409662585,0,0.09345517074648468,0.004235780479539747,0,0,0,0,0,0,0,0.0038595549653338067,0,0,0,0.0009738368063147733,0.0027341368693345135,0.009805093733796066,0.025962001010599978,0,0,0.022991264644568177,0.002920651047048497,0.18303375966949642,0.4700565412545767,0.09720825233253813,0.028179179833652954,0.05036945727946085,0.0023933495819509027,0,0,0,0.0009070519072934088,0.00025480930539289326,0,0.0005124606484687861,0,0,0.02119642096939684,0,6.212165537244857e-05,0,0,0.009850220476463329,0,0.018318816803722607
0.00955917195897715,0.004492316093898739,0.00024023297775570634,0.0002506974662129807,0.0021402784340613,0.0002039603946684796,0.0061279360291681935,0.007732959236747036,0,0,0,0.00038598467217247417,0.0020213367108946963,0.005523509323291417,0.2198981177090976,0,3.89611714305054e-05,0.07710605367727212,0.0006695726455644021,3.169792607829305,4.051246826738784,0,0.2781585604203261,6.007081848360231,0.05464751623676329,0.06598099789304265,0.008258318188174702,0.010057911043088029,0.01670869967999953,0.02757857734751489,5.2747864980100236e-05,0.029328319125784322,0,0.0027659655942082295,0.06988800459077106,0.0012339400331850404,0.029563883940039063,0.002323171103007889,0.000125199828426235,0.09536061664324652,0.006627862630511232,0.000194154129943558,3.029070927381876e-05,0,0,0,0,3.08422104835079e-05,0.0008754025584453337,0,0,0,0,6.573158239964653e-05,0.0008155932818143274,0.009286638535544107,0,0,0.009732832314053076,0.00011806818276890514,0.06560655063490733,0.34627954810769895,0.2818845453616746,0.032582583425074196,0.2763687771887471,0.0039958549667601,0.00017590327392890182,0,0,0.0012553708024152903,0.0014038591551691062,0,0.0013679605430344007,0,0,0.019164817254569564,0,0.0002614564072366296,0,0,0.010017384745402364,0,0.011341200815429928
0.04026074996600785,0.019848058682969048,0.003044061243681115,0.000744346155365472,0.01729678890002,0.001873887974893356,0.0355239401502772,0.0305520177839055,0.017537294699424368,0.004106222676866687,0.00023627331093285022,0,0,0,0.00016648621889229557,0.001940788820854746,0.010163230031903756,3.4872617043590846,7.423902563171076,0.08154567248369687,0.19222851203691466,0.2781585604203261,0,2.064926025983884,3.198792119169178,0.11543476638499815,0.0255633886026798,0.04006993592673662,6.332362177904435,1.7079393227655049,0.02099405606103569,0.2757042030482171,0,0.0561739864495127,0.21034739359157534,0.012562975913665208,0.22302600315395496,0.06563602824366045,0.008412815696202048,0.09353283339575134,0.05169740091114187,0,0,0,0,0,0,0,0.00011557628681488423,0,0,0,0,0,0,8.676264166678032e-05,0,0,0.018602733463368108,0.0035094854080565904,0.0652907685051039,0.021112965767176906,0.018376681824843644,0.04463147497617306,0.01676191875470214,0.0020747267835878086,0,0,0,0.0003487205257807972,0,0,0,0,0,0.022745845461425964,0,0,0,2.0328188049722078e-05,0.0060518301070996055,0,0.07043835249364445
0.04191996435760194,0.022972864537665408,0.004948980717551879,0.002111766925916405,0.007480463792694034,0.00034964377397442336,0.02698104836003446,0.02143669670215413,0,0,0,0.00040413010690817366,0.002171464199243021,0.00407603996672587,7.322309624379936,0,0,0.10715095803684481,0.010510194226043493,4.333986993436897,0.7059326039350832,6.007081848360231,2.064926025983884,0,14.719560085891407,2.9143145670472204,0.06963209292378966,0.05013448703196081,0.09558668529926471,0.10845121153781018,0,0.08674242699850725,0,0.006432655618538625,0.17704321763634634,0.006045319415510413,0.10473178392600042,0.006527262337823665,0.005849375718120168,0.49928558910877274,0.028110299115818988,5.6779365263538884e-05,0,0,0,0,0,4.2505263219536716e-05,0.0003324499947158934,0,0,0,0,0,0,0.005264011623193839,0,0,0.001475181926643937,0,0.04958790005629171,0.03204232927054435,0.04752287582014985,0.0700545787544063,0.8486913436725555,0.004579800506185276,9.527479417466641e-05,0,0,0,0.00020288385255759882,0,0,0,0,0.027639024741272004,0,0.00012820655895918938,0,6.178786557641417e-05,0.02019696461206615,0,0.053395559569180115
0.025432806415308436,0.01179183275452465,0.003893679786757291,0.006216339083490842,0.001549699924125934,0.00015999025232643735,0.022837495235940863,0.017717389902162938,0.008107428480580643,0.0009918425684758564,0,0.0016560119915006578,0.0019333135111237174,0.001970211654386093,0.056857661026795694,0.0004922781631571065,0.003753394935976387,0.18653168949419643,0.3364209087614915,0.0996455587722157,0.026022565083243646,0.05464751623676329,3.198792119169178,14.719560085891407,0,17.80766994676942,11.743076117454086,0.7152647400650562,31.80740449541379,0.2072983550670344,0.0025424948808259323,0.07567818429473315,0,0.001955390166790544,0.346641647202238,0.03120971365827988,0.10723461061931865,0.03898376580362575,0.015923226577040848,1.6425832410683807,0.3448196753469342,0,0,1.3734950560848754e-05,0.0001515843188647034,0,0,0,0,0,0,0,0,0,0,0,0,0,0.0014253473106691837,0.00033320097949544197,0.020677697498946466,0.003483275241764138,0.0016655759658469075,0.005855890945843846,0.0031672178388852503,0.000576605863616123,7.28176394483427e-05,0,0,0,0,0,0,0,0,0.0034568158362240408,0,0.0003600630811808894,0,0.0002896215153337942,0.004092993066251604,0,0.07725444066903131
0.0008565603989019091,0.00010430713088248778,6.528250001423732e-05,0.0004927338837740599,0,0,0.00042072110914721805,0.011491637051729653,0,0,0,0.001243745484665734,0.005332224532903901,0.008251810242576593,0.3575430499295815,0,0.0005658569758250747,0.036895245058571835,0.030240504760400085,0.1923556019098778,0.03579129751224607,0.06598099789304265,0.11543476638499815,2.9143145670472204,17.80766994676942,0,3.623953559687609,0.03223112990301671,0.11298131804244209,0.021654394340189922,0,0.01703355187010957,0,0,0.057964062661223795,0.0010128936877073533,0.017922507920918745,0.0013032038149539391,0.0005624855727454366,2.240460488715118,0.07588570047564097,0,0,0,0,0,0,0,0.00016943143858242965,0,0,0,0,0,0,0.0001952782324198289,0,0,5.696966139587133e-05,0,0.006757152290481522,3.778396164863087e-05,0,0.00030466870933636256,0.00017626069378110342,6.749325061353021e-05,0,0,0,0,0,0,0,0,0,0.00050294021538677,0,0,0,3.3080423267257766e-05,0.0009444916551037028,0,0.0880661793476135
0.05848204435297775,0.0015399353276117967,0.0006767886051129234,0.04625484026307826,0.0004471288982805799,0,0.004679652798519124,0.015024964766475985,0,0,0,0.01181970446166393,0.007701385163438273,0.010558137074621277,0.109450560913663,0.0004091636303931253,0.0015742257970249207,0.018820105959603938,0.016451806490771964,0.0905064378852725,0.009482737711784537,0.008258318188174702,0.0255633886026798,0.06963209292378966,11.743076117454086,3.623953559687609,0,4.50010716465893,0.08928720516412625,0.012053301679609172,0,0.015136955872556345,0,0.023629454383279975,0.4707292413025114,0.043370724714314635,0.09261995331156131,0.07586255787053703,0.027427787734308682,4.411634826028624,6.243253290916507,9.657201937500482e-05,0,2.973242387801021e-05,0.0036996248952685467,0,0,0,0.0006300703553689206,0,0,4.178187550593732e-05,0.001142947824864044,0,0,0.00011105755831398863,0,0,0,0,0.007863675880531386,0,0,0,0,0,0,0,3.97682148086565e-05,0,0,0,0,0,0,0.00599494460066931,0.0004620319684868669,0,0,0.0007958711297895221,0.001528068922132719,0,0.09832507602771261
0.5905677178217736,0.01681076150454347,0.013550016812506924,0.2003893753086173,0.00316196458775598,0.0009067589187439659,0.028535881649472714,0.018563838712473704,0,0.0064214485743120655,5.145420387475641e-05,0.03326306164493785,0.005060737332486354,0.0025926573687119225,0.0025261674133936277,0.01552778165302157,0.021167436428287605,0.029475690039968926,0.03146800546006121,0.025989542718993393,0.002721992380177506,0.010057911043088029,0.04006993592673662,0.05013448703196081,0.7152647400650562,0.03223112990301671,4.50010716465893,0,1.6858047165945613,2.182637195447383,0.0025127033337387326,4.225651146518717,0.001467947180248612,0.28212885447394537,0.38217778982499057,0.05780738987718462,0.5300727541795848,0.1355810652861437,0.07645057898681268,0.3065273053839108,1.5957744720719211,0.004241984168005922,0,0.0002496529443991571,0.022781748309717048,0,0,0,0.002160493563357535,0,0,0,0.005823625576753698,0.00015819229361686588,7.268729557134231e-05,0,0,0,0.0012678603493218711,0,0.009988871034169627,0,0,0,0,0,0,0,0.0006329237661340149,0.00019295754458080341,4.8032235856032516e-05,0,0.00018486313396909052,0,8.339993981166835e-05,0.0036292629104561634,0.007872193378230285,0.0020736980987263727,0.0002975213163500856,0.008584443912028908,5.6440304970673466e-05,0.00026467195131349766,0.06760093338159551
0.03853290583605211,0.015066408731980086,0.004701370891493775,0.005350968554478484,0.012060688146963337,0.013259058604562843,0.06916773607819394,0.021796993635490876,0.054196435007785204,0.01912071785156567,0.00017567025938533778,0.00011726674813616983,0,6.642369777023154e-05,0.002365548111038459,0.025558910762617414,0.1238755518654257,0.14795966203120814,1.1461918044540929,0.06478505701055334,0.009194710962235753,0.01670869967999953,6.332362177904435,0.09558668529926471,31.80740449541379,0.11298131804244209,0.08928720516412625,1.6858047165945613,0,36.08089215409636,0.1710308134411747,0.16271744046774284,0,0.02441766205850133,0.26122039483442633,0.025626532005175593,0.174563768954543,0.0702644971450121,0.018303887348810822,0.44532246082396726,0.10435995513653284,0,0,1.3113665612528529e-05,0,0,0,0,0.00027345491269833587,0,0,5.623534679464363e-05,0,0,0,6.384641451992347e-05,0,0,0.0109193219572571,0.0005638652318609911,0.0331481271740379,0.0019391967554377046,0.00039864575002678047,0.0032439792500389875,9.919254073981464e-05,0,0,0,9.631841415339441e-05,0.0004665255197787045,0,0,0,0,0,0.0016262425961163837,0,0.0005782608455156976,0.0001296219460133123,0.0006584767442775919,0.00032793318412423103,0.0002394083627601564,0.054729268749560044
0.10392536195452312,0.036813360091920676,0.00894473339568456,0.010511284020788067,0.05070550936793482,0.04778574836135072,0.1102956850590369,0.042698042219262315,0.04485250839351053,0.04267184270662709,0.007140809375467802,0,0,0.0002541432979367751,0.004667547675345941,0.05414125222695211,1.373277727550195,0.1407576280448027,4.017661535161696,0.09731034077987095,0.014725066337526219,0.02757857734751489,1.7079393227655049,0.10845121153781018,0.2072983550670344,0.021654394340189922,0.012053301679609172,2.182637195447383,36.08089215409636,0,10.356274645529787,29.474297103164638,0.002968458141465173,0.12195822914420701,0.23380531981068417,0.025158176894447784,0.31736379126583036,0.10616079985887528,0.013896419656431621,0.21127994351007928,0.05232566785534386,0,0,1.0048583625032189e-05,9.616584805362671e-05,0,0,0,0.0001174338025479675,0,0,0.0018752649983200585,0,0,0,0,0.0028776924225262673,0.0007596234214298843,0.027845494715108738,0.00023482238750524389,0.03595664597887032,0.0003152608952180696,7.313548317402275e-05,0.0003818369263564653,0.00013334695235092778,0,0,0,0,8.824207439343518e-05,0,0,0.00013937328736180786,0,0,0.002820191908135833,0,0.000414872769473029,0.0004330681745647238,0.0006221695241896781,0.00022758368298643982,0.00029492581604231724,0.07685124024547346
0.0049400477962735214,0.004702747344210942,4.765337870090225e-05,0,0.025728418546253715,0.023727754959650654,0.034411574684992785,0.012757429368703069,0.008754248851095266,0.016565826200188156,0.0006579865287133063,0,0,0,0.0002751559424047039,0.01841105884787299,2.606473998862916,0.023191918484757847,2.8059306176470327,0.021929540881690232,0.00029622111221578093,5.2747864980100236e-05,0.02099405606103569,0,0.0025424948808259323,0,0,0.0025127033337387326,0.1710308134411747,10.356274645529787,0,3.977124289014791,0.0007452794253523062,0.03760337530103408,0.023985756391063425,0.0005938950655547705,0.08038353837650748,0.02986280210126537,0,0.001869416091915402,0,0,0,0,0,0,0,0,0.00019629581552318672,0,0,0,0,0,0,0,0.0005497688773299546,0.00013433969287142885,0.004964996052614437,0,0.005240582749231342,0,0,0,0,0,0,0,0,0,0,0,0,0,0,0.0004961071710186968,0,0,0,0,0,0,0.016332171894459895
0.9780039505285864,0.09419624799627792,0.009334594341960612,0.04736082128488799,0.10386551337884563,0.434772004292852,0.05106227406377839,0.06601434984804665,0.005462801824389383,1.1779711472714742,0.04777708451702736,0.0019471592121771313,0.0001549079621828452,0.002718917478938112,0.022625513037409176,1.4740301582823538,9.240284343927726,0.32482243811024425,0.4164845275096844,0.2632843356596519,0.03227155348876296,0.029328319125784322,0.2757042030482171,0.08674242699850725,0.07567818429473315,0.01703355187010957,0.015136955872556345,4.225651146518717,0.16271744046774284,29.474297103164638,3.977124289014791,0,5.976437008388937,5.978854027726436,0.24764574915390933,0.04825756909779121,1.0578906927268878,0.10982821534505866,0.01413140056205748,0.10766788727243216,0.06574033697694302,0.00023503978043187712,0,1.7354751438044455e-05,0.0013556166801911194,0,0,0,0.0007231229641723393,0,0.00011553912480744176,0.010253958932990567,0,0,0.0004745969368116034,0.0007714300641953866,0.024602701584624444,0.01031156531637981,0.07493444944653446,0.0032215642698176414,0.08665001436181341,0.0010030734528222477,6.319836269975791e-05,0.00010761900672838178,0.00023407456992985333,0,0,0,0,0.000431307994091708,0.00013380052753477834,0.0003229124494968638,0.0034318286665386945,0.00023736303696012123,0,0.02089659475580888,0.0006080153629754152,0.0033080016125649333,0.0033076594017438423,0.001038319303603729,0.002577714873760382,0.000189308271697317,0.09780412538753121
