0,11.024746461988304,23.53230856725146,7.630729269005846,17.1840084502924,48.02105091463415,17.325060614035085,107.44408240000001,0,99.33216218487392,0,39.484938793103446,72.13971363636364,105.0499375,143.06775,111.42481380597013,111.88783548387097,160.0068483870968,149.29246896551723,161.67068137254904,170.86703333333332,161.46759090909092,155.667334375,152.44016764705884,137.8226709219858,126.32004545454546,56.738188620689655,47.31738947368421,121.15467500000001,108.24463859649123,124.77184042553188,43.351188888888885,99.71912033898306,13.118892631578948,92.56520818713449,54.69072029411763,53.06847719298246,77.43857083333333,53.00409911242605,109.22750582191779,64.600325477707,78.30769749999999,102.92896875000001,108.99911774193546,71.85071801801801,0,0,114.46173999999998,132.3759236842105,0,0,0,64.43553103448276,82.8791,0,0,0,0,0,0,195.95208000000002,0,0,0,171.7235,0,0,0,93.03755000000001,0,134.9935,0,105.7715,0,0,137.536,65.46777586206898,109.838,0,63.67415079365078,0,0,123.00532852760736
11.024746461988304,0,65.2264504347826,77.70317333333332,10.608596432748538,52.20650828402367,19.569136549707597,100.46984813664596,103.99563333333333,121.26177517482519,158.33416666666665,0,0,0,0,135.78892965517244,125.62992408536584,172.78840566037738,159.3177418300654,174.78867213114756,187.17558333333332,172.25190361445783,173.08544753086417,165.14416666666665,159.90221120689654,123.55199999999999,148.5942225,114.56379307692309,148.5167299270073,139.04996449704143,141.09684090909093,93.2578716374269,119.68091666666666,49.86813713450292,83.17162953216373,53.38507076023392,59.23752807017542,73.4887705882353,68.749589453125,135.4932290625,136.00129120370372,105.24852777777777,107.38364444444444,113.5045806451613,104.11425370370371,112.3531423076923,127.1885,116.3518875,127.97845833333332,125.0995,0,0,0,0,0,0,0,0,0,0,208.82339285714286,0,0,0,0,0,0,0,0,0,0,0,131.934,0,0,141.60130901639346,90.05498275862068,121.78430769230769,114.30449999999999,81.31801875,0,0,120.36427865497075
23.53230856725146,65.2264504347826,0,12.738839883040935,98.13654333333334,120.37766666666667,12.663855467836258,28.227318362573097,143.17285714285714,158.24084848484847,147.933,99.24447096774195,98.64368333333334,132.29633333333334,161.3515,163.84717307692307,170.21323750000002,192.38466055045876,186.2769519230769,187.01714285714286,191.7115,179.70944444444442,190.5300153061224,174.8855806451613,165.70165652173912,150.98583333333335,126.10568181818184,120.16905104895106,145.41027142857146,141.9653035714286,158.77175,133.41006892857143,0,97.39058188405798,94.81317852941176,56.24010467836257,66.10196461988305,87.32349079754601,61.80885748502995,139.82350000000002,128.3408594117647,112.96570677966102,113.42626888888891,93.80985946745562,93.35552719298245,123.19505555555556,135.244,119.02359761904762,121.10279532163743,134.35666666666663,158.82786363636362,0,104.66253320610686,129.54080909090908,161.268125,196.05783333333335,0,0,214.34449999999998,0,222.64558333333332,0,0,0,0,0,0,0,135.3436,0,189.39100000000002,0,171.25,0,0,151.0353993150685,91.962984375,133.96518703703703,0,84.78380727272726,159.3812,115.88983333333334,130.9605026627219
7.630729269005846,77.70317333333332,12.738839883040935,0,0,0,83.81999953271027,17.900552894736844,0,0,131.45275,11.18628649122807,59.985933647798745,93.70988652482269,129.73019672131147,0,0,176.23393750000002,170.99824999999998,151.37512408759125,0,163.79142857142855,171.233625,157.4385,119.0343181818182,113.61503333333333,75.19994356060607,71.3610274853801,116.3136606060606,114.67608467741933,0,85.25226434108527,0,51.48860272727272,100.83395982142856,57.15998988095238,64.02395,81.6026326530612,49.365546491228066,117.97948000000002,84.96848590909092,78.87558291925465,104.10555603448275,73.35049298245615,25.64224093567252,114.31354166666667,0,109.93970274390243,79.7458461988304,0,0,0,32.90102719298246,80.40337636363635,119.37310819672132,156.4971590909091,0,0,0,0,175.14548046875,0,0,0,0,0,0,102.47435,112.88905185185186,0,135.56300000000002,0,122.83820000000001,0,88.12898333333331,134.9399435483871,69.51304707602338,105.0468129032258,0,61.71371705882353,151.6175,99.255525,133.2995323943662
17.1840084502924,10.608596432748538,98.13654333333334,0,0,13.858917397660814,15.888047836257307,84.09496959064326,74.06941688741723,86.26048352941176,138.46058333333332,0,79.9477,111.3615,0,115.59398176470587,112.25415911764706,156.35225625,137.45388554216868,167.33155188679243,174.649,172.14058974358974,168.85309166666667,169.24383620689656,168.41206666666668,0,149.58343333333332,124.87233888888888,164.17204347826086,148.41793292682925,134.49374427480916,109.420433625731,112.39477239583334,27.64610497076023,82.39278508771929,63.2914119883041,61.49976754385965,73.59608352941177,95.17814285714286,151.3648118811881,147.58642857142857,108.548,116.7761875,127.156,118.4975,119.01785000000001,122.50602173913043,116.46078533333333,119.86203628048781,122.359859375,145.1305,0,0,104.38425000000001,0,0,0,0,0,0,205.54149999999998,0,0,0,0,0,0,0,0,0,0,0,0,0,0,138.0755052083333,106.93666000000002,128.49916666666664,137.724,0,0,0,122.9706
48.02105091463415,52.20650828402367,120.37766666666667,0,13.858917397660814,0,23.770082748538012,79.07133859649122,28.44491888888889,12.455080116959062,118.58048333333332,0,73.45169999999999,0,0,66.63006111111112,86.47307660818714,122.43246404109587,114.27453538011696,153.33230952380956,0,166.163375,157.15293333333335,169.07999999999998,171.5795,0,0,84.91986428571427,150.86643529411762,134.14421337579617,118.52659879999999,46.52920643274854,69.39509522058825,12.807740438596488,85.44406970588234,73.941451,64.04119853801168,76.78380802919708,99.19787500000001,146.6475,0,0,0,140.4135,0,124.00761111111112,120.16957857142859,119.57673046875,115.82835029585799,114.84924489795918,128.89694285714282,120.006,0,96.03094999999999,0,0,0,0,0,0,192.6875,0,0,0,0,0,0,0,0,0,0,0,0,0,0,132.8394736842105,101.43763181818181,125.99244117647059,132.43212499999998,0,0,0,125.92160917159762
17.325060614035085,19.569136549707597,12.663855467836258,83.81999953271027,15.888047836257307,23.770082748538012,0,28.64163450292397,27.86860906432748,75.85456198830408,153.81207608695652,110.26291739130436,99.13422499999999,123.096,158.58837499999998,136.12800162337663,130.988,159.91361280487806,135.0005701754386,177.80832352941178,191.57548484848485,183.73880088495574,176.4223742138365,174.29136942675163,170.42228695652176,166.64216666666664,163.25328448275863,134.06308179012345,157.1719259259259,146.8254371257485,140.99591911764705,140.34018076923078,133.18910000000002,90.89406434108525,83.24598830409356,55.64172017543859,65.32775847953216,81.42063391812866,72.03469666666666,142.01559146341464,142.86752175324676,119.30005119047618,115.11825927419355,121.24581497005987,114.41698296296298,116.59436458333332,119.62185296296298,110.14273176470589,111.71167163742692,118.30259203821653,141.686875,172.40833333333333,105.90254870129873,110.64157605633804,148.55599999999998,0,0,0,230.9595,0,205.93580769230766,0,0,234.69899999999998,0,0,0,0,0,0,0,0,139.9745,0,132.3989,134.037996969697,104.62987446808512,124.30921521739133,129.8616707317073,98.82346603773584,165.9915,0,125.93544444444443
107.44408240000001,100.46984813664596,28.227318362573097,17.900552894736844,84.09496959064326,79.07133859649122,28.64163450292397,0,15.962166374269007,43.651640350877194,25.988683918128654,16.442163684210524,13.998614444444444,27.633554970760233,108.52450994152045,137.72058294117647,144.82134782608696,145.00438888888888,146.40015384615384,107.11120380116958,152.34416878980895,175.35890217391304,178.32027300613498,173.62174496644295,175.35692021276597,159.76917129629626,169.25970149253735,145.15915131578947,165.56960194174755,164.2168116438356,156.15861206896554,142.28497,139.87154166666667,97.78353132530121,82.71049415204678,63.99012105263159,69.28850847953217,77.70129736842105,90.61653531249999,146.98689877300615,149.88943288590602,129.05504270072993,120.21714837662338,112.63759298245613,78.73560701754384,119.62620414201186,115.47753538011695,110.17618479532163,63.95882748538012,105.42511871345029,115.3629283625731,96.40582894736842,47.702387426900586,53.0953821637427,82.22430672514619,140.05225588235297,148.18290526315786,189.30110000000002,199.96342913385826,195.09416346153844,152.25844152046784,188.2912207792208,211.16915384615388,225.32569285714283,197.33257692307694,0,173.66869999999997,194.19424999999995,175.6564090909091,207.4728125,201.94650000000001,197.92399999999998,164.87867500000002,0,126.46229032258069,120.7456447368421,99.99221764705882,110.30289093567251,118.46342176470588,109.82889931034482,170.23609615384612,173.89767073170734,121.72420175438594
0,103.99563333333333,143.17285714285714,0,74.06941688741723,28.44491888888889,27.86860906432748,15.962166374269007,0,15.868066403508768,92.102475,0,0,0,0,87.51585714285713,104.02596091549297,100.5916396969697,102.66306183431952,121.17150000000001,0,0,129.74078977272725,0,149.75499038461538,0,0,0,136.9110344827586,132.049640625,120.47762142857141,141.31709102564105,0,91.26693461538461,79.45431493902439,64.3756004032258,71.31646932515338,73.43353564356435,88.682225,0,0,0,0,137.10266666666666,0,119.45853333333334,115.85405862068964,119.50203821428572,106.69226988304094,104.97354851190475,114.24799907407406,115.58204375000001,0,92.5484,101.32148125,0,124.88877777777778,0,167.034,163.53875,169.7541875,0,0,0,0,0,0,0,0,0,0,0,0,0,121.18440000000001,122.31679112149533,91.49720571428571,111.29457460317461,115.19657500000001,0,130.7415,0,122.1985901197605
99.33216218487392,121.26177517482519,158.24084848484847,0,86.26048352941176,12.455080116959062,75.85456198830408,43.651640350877194,15.868066403508768,0,36.28247192982456,0,0,82.98260416666666,0,14.100606432748537,63.735467251461976,86.62375321637425,97.5534529239766,115.26899673913043,0,0,132.64865833333332,0,143.637875,0,0,110.04394583333334,134.60631506849313,127.1288625925926,111.84467500000002,30.178523976608187,35.65094210526316,19.713585380116953,70.12132923976607,64.8690865497076,60.572282748538015,65.10503479532163,109.97977999999999,108.88582857142856,119.44031666666667,0,0,160.85390000000004,0,0,129.63011363636366,146.43107500000005,115.49690438596492,115.40007172413793,116.92972222222221,110.54959941520467,0,0,112.68150222222222,0,125.66830215827339,133.90744642857143,149.31989285714286,170.0315,152.11274576271185,0,0,0,0,0,0,0,0,0,0,0,149.0655,0,129.75564285714282,126.893799009901,99.65632345679012,118.07549583333333,123.00952777777776,108.22315,150.723,0,105.35336461988304
0,158.33416666666665,147.933,131.45275,138.46058333333332,118.58048333333332,153.81207608695652,25.988683918128654,92.102475,36.28247192982456,0,105.06003181818181,65.4554340625,11.576919502923976,64.5838111111111,34.24376988304094,87.56720263157894,47.56301647058824,103.59408333333334,17.613144152046782,106.8067125,0,79.17745,0,0,0,0,125.062,132.1895,130.7996185483871,109.7396,97.07037532894735,79.0824245614035,99.54309085365855,79.57637485380116,80.55478617647059,84.85546794117647,83.72734732142857,121.34429,0,107.3365,0,0,171.30450000000002,0,0,0,177.185,90.82612573099415,118.1214095238095,110.39917719298244,72.81209824561404,116.22738749999999,85.11481716417909,63.53349649122808,92.29373157894734,117.88248508771927,120.24057374100718,124.59344311377247,137.28658571428568,98.85164239766083,138.17325,0,152.722,0,0,0,161.3435,0,157.43949999999998,156.35803846153848,122.9025,136.42797083333332,119.5,127.34857575757576,114.04063895705524,101.39849423076922,111.8730020979021,112.17421794871794,0,123.61619237288136,0,117.22724853801168
39.484938793103446,0,99.24447096774195,11.18628649122807,0,0,110.26291739130436,16.442163684210524,0,0,105.06003181818181,0,18.692637426900582,62.86614210526316,103.95493684210525,0,0,0,0,117.46722339181285,139.92587254901963,147.98294444444443,0,142.1715,146.22657045454545,152.91744736842102,111.83200879120884,76.85306201550387,121.292375,0,0,73.21308571428573,0,52.691500000000005,105.38417599999997,75.95428513513515,68.74306324786325,71.10521666666666,37.40245634920634,131.76905581395349,83.58478301886792,68.72692921348313,81.374,91.8166709375,36.3523230994152,0,0,106.00185833333333,56.315277485380115,0,0,111.06200000000001,14.888636900584794,42.53196081871344,93.55855684523809,127.74557812500001,0,0,0,0,141.34588529411766,156.6796,153.906,0,158.22,0,0,0,102.20550714285714,134.332,0,0,103.2675,0,66.0749,125.753661,77.58540700934579,95.49982222222219,107.89020000000001,48.53558034482758,147.4105,83.074625,138.02752777777775
72.13971363636364,0,98.64368333333334,59.985933647798745,79.9477,73.45169999999999,99.13422499999999,13.998614444444444,0,0,65.4554340625,18.692637426900582,0,21.616757894736843,67.59280292397662,0,0,155.79399999999998,0,83.41882573099416,110.83508287037036,121.19204375,0,118.96227954545455,150.42616666666663,125.54338636363636,134.2252814285714,111.50453750000001,0,0,0,122.08125000000001,0,0,101.38176474820145,78.32070303030304,85.8534345454545,79.44595416666665,65.95021184210526,116.37988095238096,109.59122352941178,94.58646999999999,0,120.81074166666667,78.76796794871794,91.18215000000001,87.14508749999999,103.95484220779221,49.59398362573099,76.899225,97.8279,85.05962738095236,28.562016959064326,10.694894356725145,47.36322134502924,94.91846227544912,0,0,0,0,107.70525380116958,128.11962499999998,135.6085,0,0,0,128.41325,155.6945,0,0,0,0,0,0,0,108.40421927083332,94.91778269230768,93.27783541666665,96.7282375,73.09288500000001,0,0,132.80401428571432
105.0499375,0,132.29633333333334,93.70988652482269,111.3615,0,123.096,27.633554970760233,0,82.98260416666666,11.576919502923976,62.86614210526316,21.616757894736843,0,19.71654064327485,80.77482857142856,88.29231944444443,107.29529603174602,0,33.820560818713446,77.73624255319149,89.05001339285714,0,83.02731956521738,113.22967857142858,85.17294803921568,109.38378219178082,139.6679,122.15,115.638275,0,101.06982777777777,86.4389,0,100.56146879194631,99.355075,106.66383908045978,103.61298571428571,99.53733916666667,79.09031101694917,128.6126875,140.51366666666667,0,160.16963793103446,116.53689769230769,0,98.31280000000001,146.75650000000002,77.43161403508772,89.25938333333332,105.56403039215687,63.82174941520468,79.55504590643275,37.672135380116956,13.00067923976608,40.817162865497075,108.44966975308641,103.71302916666667,121.1624722222222,0,65.06292660818713,97.49447500000001,98.24001000000001,0,98.238675,0,112.965525,136.7,0,0,0,0,123.8824125,105.0264,0,112.90841451612904,110.76121842105263,106.70264642857141,112.37329,110.47314692307692,100.88375,0,131.17571458333333
143.06775,0,161.3515,129.73019672131147,0,0,158.58837499999998,108.52450994152045,0,0,64.5838111111111,103.95493684210525,67.59280292397662,19.71654064327485,0,0,82.87518545454543,87.01270432098764,87.164725,12.81656543859649,41.26619356725146,32.51582807017543,103.20325,8.1690833625731,74.72487834394906,29.567482456140343,67.14363184523809,138.06084545454547,105.10422631578945,116.76037051282051,105.25341666666668,103.48113140495869,75.69595,105.67656666666666,77.17677192982457,121.82475833333334,110.607054964539,98.84174772727273,132.1840857142857,38.744786549707605,93.8943659090909,163.6753333333333,0,187.3391470588235,153.45407142857147,0,0,174.7145,135.80352339181286,0,0,90.62396764705882,119.25552382352942,88.97602261904761,31.90683713450292,14.127644064327484,118.59587499999999,96.70106666666666,115.70122815126048,104.72985,45.15704707602339,73.88091141304348,71.4784921875,124.44016666666667,63.572025000000004,0,100.802875,0,0,129.91442857142854,136.02925,0,123.40246666666667,0,0,115.9629105,138.55259999999998,127.85749999999999,122.50399999999999,143.61451785714283,92.23223000000002,0,115.05935927152316
111.42481380597013,135.78892965517244,163.84717307692307,0,115.59398176470587,66.63006111111112,136.12800162337663,137.72058294117647,87.51585714285713,14.100606432748537,34.24376988304094,0,0,80.77482857142856,0,0,14.647026900584796,26.226387719298245,71.24562882352942,73.13431512345679,0,0,124.09300000000002,0,133.54199999999997,0,104.13358333333333,106.4099876237624,122.31822448979591,114.73597993630575,99.28402927927931,34.72967397660819,23.468919005847955,25.49062280701754,70.33992573099415,81.77114502923978,62.81326403508772,67.0079207602339,112.85148142857143,108.503975,110.40041875,0,0,0,0,0,0,0,161.58084146341466,0,133.39986363636365,119.32103391812866,0,0,113.12393181818182,0,129.0358535031847,130.16453278688525,135.5211775362319,143.05345000000003,132.56754819277108,0,0,0,0,0,0,0,0,0,167.01533333333333,136.67816666666664,146.1894941860465,130.72838,135.49814285714285,129.78360564516126,114.22152857142856,126.62803846153845,124.73949999999999,0,0,0,101.57807222222222
111.88783548387097,125.62992408536584,170.21323750000002,0,112.25415911764706,86.47307660818714,130.988,144.82134782608696,104.02596091549297,63.735467251461976,87.56720263157894,0,0,88.29231944444443,82.87518545454543,14.647026900584796,0,38.40955263157894,16.643195906432748,90.28836676470588,109.81475625,133.31900000000002,103.03406862745098,0,121.61751333333335,130.971,129.77176666666665,112.14539087591241,94.57166449704141,49.983394736842115,29.656870467836256,23.95500614035087,17.7280216374269,38.92683421052631,74.91617573964498,92.6904347107438,63.41802251461988,76.1319855882353,119.67912999999999,106.56316265822784,111.297417,0,0,0,0,0,0,0,178.6405,0,142.53194444444443,126.84432196969696,0,0,105.45607499999997,106.4961625,130.2809090909091,128.81482467532467,133.00298456790125,138.4847954545454,123.98203896103895,146.74174999999997,0,0,0,0,0,0,184.236,151.30450000000002,158.8129,133.20216666666667,145.58064130434778,132.61350000000002,130.806,135.58779444444446,144.79250000000002,138.89870000000002,142.91871666666665,162.050625,137.20850000000002,156.1716,111.2148556547619
160.0068483870968,172.78840566037738,192.38466055045876,176.23393750000002,156.35225625,122.43246404109587,159.91361280487806,145.00438888888888,100.5916396969697,86.62375321637425,47.56301647058824,0,155.79399999999998,107.29529603174602,87.01270432098764,26.226387719298245,38.40955263157894,0,13.919234005847954,23.237953216374265,22.766162865497073,61.99631627218935,25.377484795321635,77.85646735294118,87.9043134502924,95.99809879518074,132.70756622516555,141.413899408284,102.8711596491228,115.46300701754384,110.10528620689657,106.97739736842105,88.9387169642857,104.83994082840235,86.43483976608186,120.05927105263157,88.59864707602338,88.98439210526315,136.8829970238095,92.62358450292396,117.75306929824562,0,0,244.103,0,0,0,0,202.12019,0,0,136.9198434027778,0,179.00549999999998,128.76280422535214,117.22584541284407,138.55406578947367,135.96892028985505,136.8922,142.9119222972973,122.58802339181285,142.00111988304093,141.59430421686747,164.56304848484848,139.66967850877194,166.41689705882357,151.5248,165.2545,193.83091666666667,163.78133486238534,170.22950000000003,139.09320192307692,162.53555479452052,140.1340238095238,154.18425000000002,137.13896637426902,157.33695454545455,157.73698717948716,151.27462903225808,179.71665625,134.56025769230772,169.48107352941173,118.50884795321636
149.29246896551723,159.3177418300654,186.2769519230769,170.99824999999998,137.45388554216868,114.27453538011696,135.0005701754386,146.40015384615384,102.66306183431952,97.5534529239766,103.59408333333334,0,0,0,87.164725,71.24562882352942,16.643195906432748,13.919234005847954,0,83.81308244047618,88.0065231884058,110.76595384615383,18.48781549707602,95.65615333333332,79.39244385964912,93.18518082191781,126.31918110236224,132.16477878787882,66.60337573099416,37.15638070175438,27.085693567251457,89.46773362573099,88.74209691358024,101.51729705882353,93.5484260233918,128.77025140186916,87.95916461988304,89.7953149122807,131.15241489361702,97.5361254491018,110.05048471337581,0,0,0,0,0,0,0,189.0412608695652,166.143125,167.29075,142.7652222222222,0,0,0,108.53989999999999,140.319,136.08955000000003,142.48550352112676,139.8033409090909,127.35897169811321,140.42135106382977,137.6362236842105,161.64999275362317,145.1905833333333,155.726,0,0,0,157.45490625000002,158.793375,0,154.58599999999998,0,0,145.4556046511628,0,156.523125,153.82933333333332,170.92861764705881,129.5672,165.635,125.52384736842104
161.67068137254904,174.78867213114756,187.01714285714286,151.37512408759125,167.33155188679243,153.33230952380956,177.80832352941178,107.11120380116958,121.17150000000001,115.26899673913043,17.613144152046782,117.46722339181285,83.41882573099416,33.820560818713446,12.81656543859649,73.13431512345679,90.28836676470588,23.237953216374265,83.81308244047618,0,10.885165058479531,16.648703479532163,90.30413154761905,18.328274707602336,100.02220748502995,66.43422923976607,100.30447046783627,143.2631369047619,115.69445533333332,120.87037245508984,110.7789730769231,103.86976198830408,88.94418167701863,108.69624693251535,82.17132485380117,117.98798000000001,98.81526812865496,95.03847352941177,139.0525542168675,64.96841345029239,117.69616500000001,197.28257692307693,0,221.94875742574263,174.14871212121213,0,0,207.26742857142855,148.6708596491228,169.94583333333333,147.24738461538462,96.9304567251462,132.2669005847953,100.32574766081872,53.98965058479532,43.857020760233915,130.583984375,122.75165845070424,123.3951461988304,128.9643870967742,44.51275555555555,94.69109298245615,103.05216169590642,148.57160233918128,109.04923999999998,154.15067857142856,133.64624545454544,157.7412965116279,186.43153124999998,151.18878671328673,155.3176452991453,126.32606626506025,148.35754304635756,128.0284903846154,141.35325,120.55404824561403,147.0566834532374,144.5490274390244,136.8506038961039,167.79975912408761,120.24759112426035,158.53930625,121.77346491228067
170.86703333333332,187.17558333333332,191.7115,0,174.649,0,191.57548484848485,152.34416878980895,0,0,106.8067125,139.92587254901963,110.83508287037036,77.73624255319149,41.26619356725146,0,109.81475625,22.766162865497073,88.0065231884058,10.885165058479531,0,14.731724064327485,35.82747523391813,38.01269532163742,97.69959187500001,75.87837160493827,114.80304700854703,145.38558490566035,121.37043468468468,132.29518055555556,111.61699999999999,122.47729556213018,0,120.86047380952381,95.74246637426899,139.53603333333334,111.71346264705883,103.52030421686749,0,76.35706169590644,120.9437890625,0,0,0,0,0,0,0,171.77801369863016,0,0,0,146.35467647058823,114.70288428571429,85.05504367088606,68.36878181818183,0,0,124.550725,138.80628260869562,73.67821695906432,32.10322339181287,56.83168216374269,145.80103391812864,84.07487982456139,149.17093478260867,0,0,0,150.60202777777775,157.38660000000002,0,160.96990909090908,0,0,124.9027988095238,0,168.79399999999998,0,0,114.79343523809524,0,134.3824634730539
161.46759090909092,172.25190361445783,179.70944444444442,163.79142857142855,172.14058974358974,166.163375,183.73880088495574,175.35890217391304,0,0,0,147.98294444444443,121.19204375,89.05001339285714,32.51582807017543,0,133.31900000000002,61.99631627218935,110.76595384615383,16.648703479532163,14.731724064327485,0,29.006286725146197,13.756880175438598,74.00647904191618,58.09882545454545,109.35956504424776,134.2389730769231,116.4031120805369,124.98601212121211,116.1625,127.04475294117647,0,132.03981923076924,94.96586608187135,145.96633928571424,109.58356500000001,105.7569256097561,131.87537500000002,69.243299122807,115.14900755813952,184.89770000000004,185.892,0,0,0,0,213.89249999999998,191.03212068965516,0,0,0,0,100.05355,87.597245,64.49728219178081,0,0,113.09676416666667,146.55337500000002,78.60444444444444,27.446395701754383,25.897902339181286,99.17686842105263,32.92312865497075,120.12171171875,110.028,0,0,141.64048,151.84285714285716,0,152.51533928571428,0,0,116.98851994047618,0,146.30633333333333,0,0,105.22882456896552,0,131.88919871794874
155.667334375,173.08544753086417,190.5300153061224,171.233625,168.85309166666667,157.15293333333335,176.4223742138365,178.32027300613498,129.74078977272725,132.64865833333332,79.17745,0,0,0,103.20325,124.09300000000002,103.03406862745098,25.377484795321635,18.48781549707602,90.30413154761905,35.82747523391813,29.006286725146197,0,23.189638538011696,35.22060087719298,76.0075812865497,124.24055784313727,136.19060233918128,22.087969298245614,38.82518245614035,84.79347927927927,109.46614356725145,0,118.57689910179641,104.08825087719295,148.47573737373736,99.79232982456139,100.87835380116958,137.80369871794872,93.7101805882353,114.31384298245614,0,0,0,0,0,0,0,221.18099999999998,0,0,0,0,0,0,119.3819,0,0,165.27792125984251,150.57216666666665,137.26608630952379,152.26174846625767,140.31904868421051,167.0799560810811,135.67363684210525,169.612325,0,0,0,175.016625,0,0,0,0,0,145.34536151079138,0,0,0,177.9075,122.71823918918919,0,130.24671081871347
152.44016764705884,165.14416666666665,174.8855806451613,157.4385,169.24383620689656,169.07999999999998,174.29136942675163,173.62174496644295,0,0,0,142.1715,118.96227954545455,83.02731956521738,8.1690833625731,0,0,77.85646735294118,95.65615333333332,18.328274707602336,38.01269532163742,13.756880175438598,23.189638538011696,0,12.137828128654968,19.361062953216376,86.33114647058824,119.26452764705883,97.29621140350878,112.31996812865496,0,120.73015233918127,0,134.33415392156863,90.40530380116958,142.20107692307693,105.01954356725146,106.68751562499997,126.66503629032256,51.42554239766082,108.43468609271522,181.249,0,0,0,0,0,247.209,212.011,0,0,0,0,0,0,55.748628947368424,0,0,145.912,0,100.93272545454546,88.43295923566879,67.71797470238094,77.48602469879519,22.63168628654971,112.23332,108.5915,0,0,0,143.47175,0,0,0,0,116.67194903846153,0,140.90449999999998,0,137.37349999999998,98.24940200000002,0,108.36473362573098
137.8226709219858,159.90221120689654,165.70165652173912,119.0343181818182,168.41206666666668,171.5795,170.42228695652176,175.35692021276597,149.75499038461538,143.637875,0,146.22657045454545,150.42616666666663,113.22967857142858,74.72487834394906,133.54199999999997,121.61751333333335,87.9043134502924,79.39244385964912,100.02220748502995,97.69959187500001,74.00647904191618,35.22060087719298,12.137828128654968,0,10.792755555555555,10.026143801169589,31.51134450292398,11.341136286549707,79.09870321637426,111.48084800000001,117.51597529411764,0,134.68466666666663,86.97620029239766,125.66606412213741,101.25252953216375,99.90948709677419,106.25551925465837,40.46132690058479,46.64203976608187,0,0,152.11950000000002,126.98165,0,0,0,0,0,0,0,0,0,0,0,0,0,164.13425,164.94125,148.03879891304348,153.5844811320755,140.36482222222224,170.88725000000002,113.07393809523809,126.89049999999999,115.8175,0,0,0,0,0,0,0,0,125.99900263157896,0,128.0505,0,113.66822857142856,99.31179999999999,0,114.63306607142857
126.32004545454546,123.55199999999999,150.98583333333335,113.61503333333333,0,0,166.64216666666664,159.76917129629626,0,0,0,152.91744736842102,125.54338636363636,85.17294803921568,29.567482456140343,0,130.971,95.99809879518074,93.18518082191781,66.43422923976607,75.87837160493827,58.09882545454545,76.0075812865497,19.361062953216376,10.792755555555555,0,15.972850029239765,82.98841363636365,65.4021125730994,102.85262700000001,0,120.35023265306121,0,0,89.72737690058479,129.0945,110.01756513157895,101.96882666666666,99.33852916666663,20.38762894736842,47.60781401273886,0,0,0,0,0,0,0,172.80766666666665,0,0,0,0,0,0,94.73755,0,0,172.1445,0,134.4854674157303,153.2235,0,174.64183333333335,92.1626,125.4645,0,0,0,0,0,0,0,0,0,105.29316666666666,0,0,0,107.759,89.38072142857142,0,62.89916755952381
56.738188620689655,148.5942225,126.10568181818184,75.19994356060607,149.58343333333332,0,163.25328448275863,169.25970149253735,0,0,0,111.83200879120884,134.2252814285714,109.38378219178082,67.14363184523809,104.13358333333333,129.77176666666665,132.70756622516555,126.31918110236224,100.30447046783627,114.80304700854703,109.35956504424776,124.24055784313727,86.33114647058824,10.026143801169589,15.972850029239765,0,7.774453245614035,63.487959393939384,109.70216340206184,0,114.5380241935484,0,49.31598809523808,72.35788040935672,104.6420493902439,66.99600414201184,60.1911534375,75.58459393939394,25.13284795321637,13.343513187134501,98.89734999999999,0,123.1465,97.67720483870966,0,0,0,187.601375,0,0,164.6415,114.64247307692308,0,0,94.7638,0,0,0,0,160.95247524752475,0,0,0,0,0,0,0,125.947,0,0,0,0,0,0,114.44474210526316,82.58703333333332,0,0,86.76121428571427,111.49349999999998,0,79.1101014619883
47.31738947368421,114.56379307692309,120.16905104895106,71.3610274853801,124.87233888888888,84.91986428571427,134.06308179012345,145.15915131578947,0,110.04394583333334,125.062,76.85306201550387,111.50453750000001,139.6679,138.06084545454547,106.4099876237624,112.14539087591241,141.413899408284,132.16477878787882,143.2631369047619,145.38558490566035,134.2389730769231,136.19060233918128,119.26452764705883,31.51134450292398,82.98841363636365,7.774453245614035,0,23.460143421052635,21.33771915204678,108.24958703703703,13.418047982456141,86.2835090909091,36.738126470588234,80.87509941520467,101.67102617647059,47.84271345029239,58.78980970588235,66.45227163742689,65.61465233918129,28.469226608187135,106.863409375,0,131.52153846153846,96.17414960937501,0,0,0,170.65777272727274,0,0,0,92.91661521739132,124.68350000000001,164.1935,0,0,0,190.38059259259262,0,183.81175342465755,0,0,0,0,0,0,0,140.2215,160.6198333333333,163.839,0,152.96999999999997,0,102.61680000000001,137.91206826923076,101.6026544642857,120.20388541666667,104.42036666666667,85.52312336448598,137.8,101.02565,99.416532748538
121.15467500000001,148.5167299270073,145.41027142857146,116.3136606060606,164.17204347826086,150.86643529411762,157.1719259259259,165.56960194174755,136.9110344827586,134.60631506849313,132.1895,121.292375,0,122.15,105.10422631578945,122.31822448979591,94.57166449704141,102.8711596491228,66.60337573099416,115.69445533333332,121.37043468468468,116.4031120805369,22.087969298245614,97.29621140350878,11.341136286549707,65.4021125730994,63.487959393939384,23.460143421052635,0,11.721664385964912,63.85153918128655,88.96986461988304,0,119.55185192307692,90.68000789473685,122.85185044247785,94.70900935672513,103.47674795321637,93.160438125,55.00135526315788,61.87291798780488,0,0,154.165,0,0,0,0,213.60699999999997,0,0,151.4105,0,0,0,127.21249999999999,0,0,167.549323943662,155.4665,150.94714453125,156.7363947368421,148.8253888888889,171.4395576923077,151.45499999999998,0,0,0,152.62725,170.88600000000002,0,0,0,0,0,154.81269230769234,0,112.92675,120.12899999999999,112.10162142857143,140.0676666666667,110.17455,139.05275688622757
108.24463859649123,139.04996449704143,141.9653035714286,114.67608467741933,148.41793292682925,134.14421337579617,146.8254371257485,164.2168116438356,132.049640625,127.1288625925926,130.7996185483871,0,0,115.638275,116.76037051282051,114.73597993630575,49.983394736842115,115.46300701754384,37.15638070175438,120.87037245508984,132.29518055555556,124.98601212121211,38.82518245614035,112.31996812865496,79.09870321637426,102.85262700000001,109.70216340206184,21.33771915204678,11.721664385964912,0,19.341626900584796,14.643964795321637,95.67690094339622,100.1548760233918,91.86557631578945,124.60216567796611,87.96102280701753,99.55883099415206,97.16636966666665,68.21895350877192,76.58278364779875,0,0,160.9515,143.803,0,0,0,210.7995,0,0,164.4627575757576,0,0,0,0,166.2169,162.13620000000003,169.52260218978103,181.98874999999998,156.92358333333334,161.52957142857142,159.05700000000002,178.965625,145.00549999999998,0,0,0,0,181.3185,0,0,170.3275,0,0,164.0139375,0,155.167,173.77316666666664,111.96070294117648,154.5625,131.0473333333333,132.53689754601226
124.77184042553188,141.09684090909093,158.77175,0,134.49374427480916,118.52659879999999,140.99591911764705,156.15861206896554,120.47762142857141,111.84467500000002,109.7396,0,0,0,105.25341666666668,99.28402927927931,29.656870467836256,110.10528620689657,27.085693567251457,110.7789730769231,111.61699999999999,116.1625,84.79347927927927,0,111.48084800000001,0,0,108.24958703703703,63.85153918128655,19.341626900584796,0,26.642389181286553,72.658535,102.07724462025315,100.68861701388889,128.6372125,88.40958011695906,91.901595323741,0,107.08922631578946,0,0,0,0,0,0,0,0,181.28050000000002,0,0,0,0,0,0,0,149.50005555555552,150.747,152.6202741935484,0,142.1613671875,0,0,0,0,0,0,0,0,0,0,0,0,0,0,156.06340000000003,0,0,0,0,0,0,131.49621875
43.351188888888885,93.2578716374269,133.41006892857143,85.25226434108527,109.420433625731,46.52920643274854,140.34018076923078,142.28497,141.31709102564105,30.178523976608187,97.07037532894735,73.21308571428573,122.08125000000001,101.06982777777777,103.48113140495869,34.72967397660819,23.95500614035087,106.97739736842105,89.46773362573099,103.86976198830408,122.47729556213018,127.04475294117647,109.46614356725145,120.73015233918127,117.51597529411764,120.35023265306121,114.5380241935484,13.418047982456141,88.96986461988304,14.643964795321637,26.642389181286553,0,12.976234619883042,27.538677192982455,81.57937982456139,101.72687862068966,52.2853178362573,78.43437777777778,92.2715340909091,85.67046264705881,71.38538502994012,100.39335,0,147.2985,113.970925,0,0,0,174.64020000000002,0,156.8665,140.26043055555553,0,0,114.11865,125.3446111111111,142.53618811881188,140.3823152173913,149.66875757575758,156.35811904761906,140.45750898203596,163.024475,165.81625,181.64800000000002,137.07299999999998,0,0,0,0,169.23725000000002,159.24200000000002,144.401125,160.1076666666666,141.2680714285714,0,150.07057228915662,143.3029,150.05206,155.9375178571429,115.53381666666667,153.20590909090907,162.05349999999999,115.41391578947365
99.71912033898306,119.68091666666666,0,0,112.39477239583334,69.39509522058825,133.18910000000002,139.87154166666667,0,35.65094210526316,79.0824245614035,0,0,86.4389,75.69595,23.468919005847955,17.7280216374269,88.9387169642857,88.74209691358024,88.94418167701863,0,0,0,0,0,0,0,86.2835090909091,0,95.67690094339622,72.658535,12.976234619883042,0,16.535083596491226,64.65349944444446,70.212025,44.88988918128655,60.71315744680851,0,0,0,0,0,0,0,0,0,0,0,0,0,121.84216666666666,0,0,0,0,128.27553947368418,126.9006875,132.97507894736842,141.64499999999998,123.62306547619046,0,0,0,0,0,0,0,0,0,0,0,140.82737500000002,0,0,129.27566666666667,0,124.94550000000001,0,0,0,0,100.36603970588234
13.118892631578948,49.86813713450292,97.39058188405798,51.48860272727272,27.64610497076023,12.807740438596488,90.89406434108525,97.78353132530121,91.26693461538461,19.713585380116953,99.54309085365855,52.691500000000005,0,0,105.67656666666666,25.49062280701754,38.92683421052631,104.83994082840235,101.51729705882353,108.69624693251535,120.86047380952381,132.03981923076924,118.57689910179641,134.33415392156863,134.68466666666663,0,49.31598809523808,36.738126470588234,119.55185192307692,100.1548760233918,102.07724462025315,27.538677192982455,16.535083596491226,0,83.80759777070065,80.94957882352942,27.777225730994147,68.73206614173229,69.48010384615385,103.71356666666665,46.62898243243243,0,0,0,0,0,0,133.09125,131.47831818181817,127.094,140.8675,135.85095454545456,0,0,0,0,138.7435625,137.959,154.52991304347827,0,144.045675,0,0,0,0,0,0,0,0,0,0,0,0,0,0,143.4355,0,0,0,0,0,0,112.8897578125
92.56520818713449,83.17162953216373,94.81317852941176,100.83395982142856,82.39278508771929,85.44406970588234,83.24598830409356,82.71049415204678,79.45431493902439,70.12132923976607,79.57637485380116,105.38417599999997,101.38176474820145,100.56146879194631,77.17677192982457,70.33992573099415,74.91617573964498,86.43483976608186,93.5484260233918,82.17132485380117,95.74246637426899,94.96586608187135,104.08825087719295,90.40530380116958,86.97620029239766,89.72737690058479,72.35788040935672,80.87509941520467,90.68000789473685,91.86557631578945,100.68861701388889,81.57937982456139,64.65349944444446,83.80759777070065,0,20.956863450292396,53.3981230994152,40.021252923976604,37.13746812865497,26.736403216374267,46.68331988304094,134.75808333333333,143.40341666666663,156.14584873949582,132.189522,137.5865421686747,130.74444078947366,132.44216564417178,117.29187397660817,121.47428133802816,126.24665625,112.59647664670659,122.82287580645159,114.2991953488372,115.48645510204081,115.91268469387755,129.2969351851852,133.014140625,137.3697638235294,148.48888709677422,122.43678304093565,133.2259150887574,122.65818170731708,152.91369537037036,112.42548259493671,119.20834390243903,92.86462,120.9205725,142.09382857142856,161.4355789473684,164.0655,145.32870000000003,152.51185135135137,133.6815,140.55081249999998,53.228922807017554,111.69729960629921,121.33518967741935,113.87209509803922,103.60334236641222,72.31184585798816,95.03565061728395,29.84846812865497
54.69072029411763,53.38507076023392,56.24010467836257,57.15998988095238,63.2914119883041,73.941451,55.64172017543859,63.99012105263159,64.3756004032258,64.8690865497076,80.55478617647059,75.95428513513515,78.32070303030304,99.355075,121.82475833333334,81.77114502923978,92.6904347107438,120.05927105263157,128.77025140186916,117.98798000000001,139.53603333333334,145.96633928571424,148.47573737373736,142.20107692307693,125.66606412213741,129.0945,104.6420493902439,101.67102617647059,122.85185044247785,124.60216567796611,128.6372125,101.72687862068966,70.212025,80.94957882352942,20.956863450292396,0,28.671853508771928,30.239896491228073,10.758261169590643,79.69691461988303,77.29961345029238,86.12764500000002,102.94081,102.98635269230769,87.93448507462688,107.18991451612902,109.79504999999999,109.02568863636364,103.74927222222222,92.503075,103.42569166666667,100.91041775700936,92.9541528846154,99.2934,102.46901874999999,0,122.82701499999999,128.7186,162.31382352941174,0,154.3909396551724,0,0,0,0,0,0,0,125.52122,0,0,0,0,0,0,91.17406739130433,78.05254921875,104.69429032258064,107.46858181818183,56.310732065217394,139.7885,95.33753333333331,61.30628684210525
53.06847719298246,59.23752807017542,66.10196461988305,64.02395,61.49976754385965,64.04119853801168,65.32775847953216,69.28850847953217,71.31646932515338,60.572282748538015,84.85546794117647,68.74306324786325,85.8534345454545,106.66383908045978,110.607054964539,62.81326403508772,63.41802251461988,88.59864707602338,87.95916461988304,98.81526812865496,111.71346264705883,109.58356500000001,99.79232982456139,105.01954356725146,101.25252953216375,110.01756513157895,66.99600414201184,47.84271345029239,94.70900935672513,87.96102280701753,88.40958011695906,52.2853178362573,44.88988918128655,27.777225730994147,53.3981230994152,28.671853508771928,0,7.404750321637427,18.06760178362573,80.87727865497077,32.893294152046785,105.693825,127.33875,133.0663628712871,90.32460963855422,132.40329411764705,127.78529166666665,128.59175404411764,111.60936637426902,113.98731500000001,118.95866822429905,113.75170487012987,84.25467285714286,99.945775,112.38855217391303,137.20970000000003,126.26688461538461,135.63070833333336,153.17757142857144,157.57953333333336,140.73534319526627,161.9827583333333,158.1525,189.32331818181817,131.24449999999996,0,0,0,131.4859,159.00900000000001,178.756,164.006,151.7152,0,136.26749999999998,126.90440294117647,104.56536249999998,100.13839508928572,114.77282258064514,63.58993949275362,133.487,99.681,67.415366374269
