0,1.0667261822916156,0.006840919335650969,1.4723800646961196,0.11671865830821603,0.0037419007455182177,0.1657239146317404,0.00013113338555908576,0,7.100504426330129e-05,0,0.0011296859174733372,1.1121753221198323e-05,0,0,8.858634381628829e-05,0.00032534540961318777,6.397700664848102e-05,8.842628315900515e-05,8.891470589762447e-06,0,6.155153417380251e-06,0.00021308890697232407,0.00021575135732055701,0.00010199242211079754,0,0.0006567499527450267,0.012480986892783269,0.0002107117211898322,0.0009502217822681778,0,0.02256002604761904,0,0.7841035507095231,0.0013114758208956998,0.005481544174035383,0.014595103763928332,0.0005242412574041712,0.0022377110497676903,0.0001653514122616546,0.0005569528396282314,2.1674294381231163e-05,2.5381105965369518e-06,0,0.0003453222212467942,0,0,1.0226650103417176e-05,1.7705138332812105e-05,0,0,0,3.660423461497326e-06,0,0,0,0,0,0,0,0,0,0,0,0,0,0,0,0,0,0,0,0,0,0,0,3.5480239896005376e-05,0,0,0,0,0,0.00018742346851171888
1.0667261822916156,0,2.5430059438285842e-05,0,0.8436129421465665,0.00350376249959239,0.16149296645009356,0.00033986519356698467,3.445468257834366e-06,4.2336960477488636e-05,0,0,0,0,0,3.503224718656571e-05,0.00026413778914398335,1.735688704879415e-05,4.443817542408561e-05,2.2141599266674175e-06,0,0,4.355471710889498e-05,7.02571528111738e-05,1.2221668124529794e-05,0,0,2.7869634481523334e-05,2.0044199663924222e-05,0.00019394362425717451,4.279059837668547e-06,0.000993200209215777,0,0.007822643425096299,0.005382106649708743,0.015531866081839004,0.010070214654633376,0.001265071570949207,0.00018097631369010998,0.00010587365519456254,2.1032282896863112e-05,1.4006590091823249e-05,2.1343611873714363e-05,6.193673991054881e-06,1.2246745572880428e-05,6.666758431276546e-06,0,0.00016224737899946622,0.00015295853837972074,0,0,0,0,0,0,0,0,0,0,0,0,0,0,0,0,0,0,0,0,0,0,0,0,0,0,4.259446492206224e-06,2.5384946745602243e-05,0,0,0,0,0,0.0008472848774189989
0.006840919335650969,2.5430059438285842e-05,0,0.12559034215764406,0,0,0.1738234391348596,0.019785097812963948,0,0,0,0,0,0,0,0,0,0,0,0,0,0,0,0,0,0,0,2.5295000982282185e-05,1.631542084667794e-06,9.214301726087251e-06,0,1.233622413371785e-05,0,0,0.0011511098468410409,0.006193149163624959,0.003812537457601555,4.4622307509859e-05,0.0012570130379557668,0,0,2.40466577264877e-06,3.2725664894641157e-06,6.903416169812027e-05,0.0004789198672299799,0,0,0.000220143062169976,0.0004957323234003105,0,0,0,0,0,0,0,0,0,0,0,0,0,0,0,0,0,0,0,0,0,0,0,0,0,0,1.4085556448172718e-06,4.349453268423531e-05,0,0,0,0,0,5.293119173265432e-05
1.4723800646961196,0,0.12559034215764406,0,0,0,0.00015238692060250437,0.28722613042009504,0,0,0,0.8875660447909822,0.0013906739925904621,0.00042034636957002594,7.052190077536937e-05,0,0,0,0,8.948737989316587e-05,0,0,7.031953065234908e-07,2.6085188281618318e-06,3.2511519722273926e-05,0,0.00045418095493048716,0.002809274988824286,1.0218306477203688e-05,3.5095653749915756e-05,0,0.0003872982182545007,0,0.00011022300120873662,0.0005240553323881524,0.0038900948230266652,0.0030065887031568606,1.95496438328659e-05,0.0038737141459813983,2.2791668644320277e-05,0.0001250883810461025,0.0011941544389701781,2.2591899544583167e-05,0.002050280243078709,0.20471020324301575,0,0,0.0005642767182318917,0.0042806616834533354,0,0,0,0.02593049499734774,0.00014650164234374381,2.6810700074534272e-05,7.541325535647153e-06,0,0,0,0,2.3684667616565647e-05,0,0,0,0,0,0,0,6.811819273946634e-06,0,0,0,0,0,0,9.919089813356037e-06,0.0024884306294121997,2.5753700037814126e-05,0,0.00047263894223798436,0,0,1.7272905593703057e-05
0.11671865830821603,0.8436129421465665,0,0,0,0.6826394465846712,0.7000058418330384,0.002569801992063462,0.0010218877993184831,0.0012044554881593377,0,0,0,0,0,0.00034590867302577646,0.0012203157457859458,0.0001148828730244122,0.0004237106067962298,1.3627551784866215e-05,0,0,4.202716427541365e-05,1.6843494778399676e-05,0,0,0,0,1.9843527152731826e-05,0.0003037462095091737,0.00011762070297582908,0.0009446188519574497,0,0.09654670849716633,0.0058499024633478485,0.007363480214897094,0.009027497324775173,0.0012967936377695566,0,3.046434983959571e-05,0,2.9474074616042604e-06,4.893851483765237e-06,0,0,1.4059171425466755e-05,9.069907588224585e-06,0.0004250846755715348,0.0005822005653784053,7.788235977240495e-06,0,0,0,0,0,0,0,0,0,0,0,0,0,0,0,0,0,0,0,0,0,0,0,0,0,3.231273652409076e-05,0,2.1177184318509464e-06,0,0,0,0,0.0009492203616788053
0.0037419007455182177,0.00350376249959239,0,0,0.6826394465846712,0,0.13130259638332914,0.005572281288799693,0.08589083036080218,1.0265726017689851,0,0,0,0,0,0.0024891359030387943,0.0024895758503182663,0.00018877500248454067,0.0007147071370452964,0,0,0,0,0,0,0,0,0,3.170446008914113e-05,0.0002991411053763143,9.494918527657498e-05,0.009344066611607789,0,0.8595711577631436,0.0014597662885769982,0.0010111106238353154,0.003970089608555999,0.00035790669807640805,0,0,0,0,0,0,0,1.904996147334074e-06,6.300286415331288e-05,0.00028030638484130414,0.0010557968359759607,0.0002879712408685466,3.0949320576856556e-05,0,0,0,0,0,0,0,0,0,0,0,0,0,0,0,0,0,0,0,0,0,0,0,0,3.0690220843975945e-05,2.9378018641774124e-06,4.48932405340312e-06,0,0,0,0,0.0003413141073582539
0.1657239146317404,0.16149296645009356,0.1738234391348596,0.00015238692060250437,0.7000058418330384,0.13130259638332914,0,0.2377196344757372,0.14464884169797498,0.0035910414363221265,1.1323640351250094e-06,0,3.676004418973071e-06,0,0,0.000198848453372217,0.0005715953218731988,0.0003440112447126065,0.001349613433393952,0.00010919155521530637,0,2.8130768953850548e-06,0.0001678691067684371,9.865459583726745e-05,9.978477759407578e-05,0,2.0646443321496123e-06,0.00011756648598700038,0.00042375274246815207,0.0007434189169897285,0.00020370742906540549,0.000336683867645411,0,0.0005052989365639878,0.013043714501172192,0.0305278972354213,0.014946629948061726,0.0019639548744923062,0.0009765058294066639,0.0002784099766725947,5.0926402035999415e-05,3.759221576877562e-05,0.00017114590397499034,8.941165646655772e-05,0.00019449487054788698,0.0003809392638837497,0.0003393754223957556,0.004070288072179321,0.0051303221226624745,0.0005443039730575253,2.0996114447981518e-05,0,6.899067543096191e-06,4.892695139324179e-06,0,0,0,0,3.832305433366177e-07,0,7.658026568439799e-06,0,0,0,0,0,0,0,0,0,0,0,1.8624588880855072e-06,0,0,0.0006529050611473379,0.0004422067743139453,0.00025596616742459794,9.706269290052337e-06,0,0,0,0.0017295000241379593
0.00013113338555908576,0.00033986519356698467,0.019785097812963948,0.28722613042009504,0.002569801992063462,0.005572281288799693,0.2377196344757372,0,0.7607307691389834,0.04201792830836765,0.10979637363201232,0.4157949940095392,0.7717226122645408,0.12087747138547394,0.0019775318966839244,0.0003479780637491258,0.00034240347850433963,0.0005915274348264778,0.000517786718518479,0.005182403592321618,7.57572678250062e-05,7.265680164918802e-07,0.00012711142822122149,6.112319910409935e-05,7.204779861456579e-05,2.3875427465855753e-05,3.378438332078683e-05,3.5017148961876986e-05,0.00010418814779466274,0.0002481916371385997,2.019381339715805e-05,0.00045577299720234957,0,0.0010353563351118533,0.020748618758574082,0.016433333416915538,0.022490628124050952,0.005335966122784201,0.00016022079765962838,0.0002827216108638749,2.1612176212879743e-05,0.00012723561364036444,0.0002591723802341931,0.0005496322077147144,0.003506363954483168,0.0005790742338934818,0.0011219359921631296,0.0056201866340032805,0.09004615190476464,0.0031021430783465193,0.002200638370056921,0.0011962630255448778,0.011782260936805553,0.00710191684655934,0.001863266243669085,0.00024140310114742258,6.0834081341960695e-05,0,3.9966395873658856e-05,1.5794648979791427e-05,0.0007401158104441201,0,0,7.679661546713508e-06,0,0,0,0,0,1.6001773253476276e-06,3.135758540584404e-06,0,1.699161222307604e-05,0,0.00010483232419073298,0.002371160700983839,0.0016603777196154852,0.0014938864381157692,0.0005219699723525148,4.738667021619266e-06,1.5388895002964524e-05,0,0.0045308662228326696
0,3.445468257834366e-06,0,0,0.0010218877993184831,0.08589083036080218,0.14464884169797498,0.7607307691389834,0,0.6874966782641496,0,0,0,0,0,0.0004919631291388441,0.00036436365547662787,0.001123464773989341,0.0025427556638666256,0,0,0,7.054991136829963e-05,0,2.0218645100529038e-05,0,0,0,0.0003597200251948612,0.0002992424913245842,3.075049615570542e-05,9.653140303526315e-06,0,1.7840505481550421e-06,0.0011749763794466378,0.0008364923185702653,0.0009874362057723323,0.00015193286404965915,0,0,0,0,0,0,0,0,0.00021088899622316457,0.0003102815544588726,0.002894244328552329,0.0012288074432222499,0.0007077275071130872,1.4282690890120116e-05,0,0,6.165853260208225e-06,0,0,0,0,0,0,0,0,0,0,0,0,0,0,0,0,0,0,0,0,4.2159768235431935e-05,3.726197136609314e-05,1.8774685885055762e-05,0,0,0,0,0.00036924407555128736
7.100504426330129e-05,4.2336960477488636e-05,0,0,0.0012044554881593377,1.0265726017689851,0.0035910414363221265,0.04201792830836765,0.6874966782641496,0,0.012247680420359402,0,0,0,0,1.3016692481680092,0.007397445752737975,0.002166112745241201,0.0014730270853016455,3.967981191347962e-05,0,0,1.3916483667999794e-05,0,1.9838644348516536e-06,0,0,0,9.266084003365502e-05,0.00028696944297215135,3.8115339850805155e-05,0.039033424834976585,0.004283136442510545,0.24273756957866685,0.009172216598272963,0.00445779053329196,0.01584584662225812,0.007917520404718723,0,4.415823513497877e-06,1.5753451390376014e-06,0,0,0,0,0,2.656840498234651e-05,6.673540548055735e-06,0.0020610339197545463,0.00041042765064276747,0.0023545107550006225,0.0014730628116825493,0,0,9.743210228625702e-05,0,0.00036549464637193786,3.1260743117680816e-05,4.432609173936521e-06,0,3.161126517840305e-05,0,0,0,0,0,0,0,0,0,0,0,0,0,2.7674242129324187e-06,0.0001422952085131586,0.00011376630884824728,0.00020986701575215064,1.396521441648512e-05,0,1.1700620528733158e-06,0,0.005035576186182674
0,0,0,0,0,0,1.1323640351250094e-06,0.10979637363201232,0,0.012247680420359402,0,0,0.0009659730908628727,0.9297479881348863,9.414171067060554e-05,0.010826657042145424,0.0005650350960327606,0.003317451701364694,1.5889394810402465e-06,0.2950025945542648,0,0,0,0,0,0,0,0,0,1.0056817610935019e-05,0,0.00037204928764196336,0,1.6830912107186017e-05,0.0028686279979972555,0.0007546524422398986,0.0013358817468979997,0.00036197147940393543,0,0,0,0,0,0,0,0,0,0,0.002102029749540723,0,0.0015307981294768937,0.007219610245920607,0,0,0.0023717905833663066,0,0.0006992671733555154,0.00020635482098755714,0.00020543163537956938,5.287092035857818e-06,0.001351625133742478,0,0,0,0,0,0,0,0,0,1.8346378194039403e-06,0,4.60604276686722e-05,0,3.412905010796766e-06,0.0002519409203825818,7.824074772239154e-05,0.00013268321951322775,1.661313704489122e-05,0,0,0,0.0012859434547196971
0.0011296859174733372,0,0,0.8875660447909822,0,0,0,0.4157949940095392,0,0,0,0,0.15844861387917306,0.006908948477972874,0.0013666897494170028,0,0,0,0,0.0011810698796768724,8.522137221279594e-06,0,0,0,1.4780384337131597e-06,0,2.155546633031737e-05,0.00024659693722961073,0,0,0,0,0,0,1.3952006148468685e-05,0,0.00013945974348026274,0,0.00031212597884769773,8.434590666105098e-06,3.0255176948326072e-06,0.00010453163551030407,0,3.24943000193976e-06,0.021369698744014717,0,0,4.1567296773261514e-05,0.006534183595322251,0,0,0,0.32714512572376186,0.004548934306878799,0.0002728643918934834,6.611157384401022e-05,0,0,0,0,0.0001729253487580668,0,0,0,0,0,0,0,0,0,0,0,0,0,0,1.4977979294402832e-06,0.00011354682396556333,0,0,0.00011464865067774102,0,0,0
1.1121753221198323e-05,0,0,0.0013906739925904621,0,0,3.676004418973071e-06,0.7717226122645408,0,0,0.0009659730908628727,0.15844861387917306,0,0.17601354313114134,0.005981711788420978,0,0,0,0,0.005323013556947792,5.687145365518684e-05,0,0,3.0667264507107003e-06,1.4663363079377463e-06,5.697412481225076e-06,8.884992381789339e-06,2.675308806779373e-06,0,0,0,0,0,0,0.00011634250533252782,0,8.497273527637661e-05,0,1.584048156022053e-05,7.02354949335945e-05,0,0,0,0,0.00011623644658229533,0,0,2.0517022995216103e-05,0.010359826610095641,0,0,0,0.02380040623548792,0.42048946307324436,0.004575682501526882,0.0002547317449416556,0,0,0,0,0.0006934989782866875,0,0,0,0,0,0,0,0,0,0,0,0,0,0,3.9337083451159116e-05,0,3.6680774227987954e-06,0,0,0,0,2.001146965410163e-06
0,0,0,0.00042034636957002594,0,0,0,0.12087747138547394,0,0,0.9297479881348863,0.006908948477972874,0.17601354313114134,0,0.1682060765782389,6.668356767028387e-06,1.4771648897138506e-05,0,0,0.08510467216962138,0.00026695352381164575,0,0,9.153705884903823e-06,0,2.0724104493752454e-05,2.1600545612249896e-05,0,0,0,0,1.3175997686683231e-05,0,0,0.00015143030936397368,3.3105869340881308e-06,4.6334465971446935e-05,0,3.4161732681008867e-06,0.00036544171644528644,0,0,0,0,1.3601665945453873e-05,0,0,0,0.002484822157804012,0,0.00010701577490330053,0.0017091784769820398,0.0011866084934616266,0.011419521570492516,0.41613529354354134,0.006518643663244049,3.8678711444094966e-05,0,4.105411258266595e-06,0,0.004436113412554385,0,0,0,0,0,0,0,0,0,0,0,0,0,0,1.671457517143403e-05,0,6.792557236897729e-06,0,0,0,0,1.893667403217242e-05
0,0,0,7.052190077536937e-05,0,0,0,0.0019775318966839244,0,0,9.414171067060554e-05,0.0013666897494170028,0.005981711788420978,0.1682060765782389,0,0,4.797060257032263e-05,0.00016623841350497392,2.286209624321086e-05,1.2777671223112015,0.00573035328277652,0.006621571690316771,0,0.8963440938707172,0.0005089594183270152,0.011349668368463968,0.0015306209890547596,0,3.025528554056395e-06,7.848297630648148e-06,0,7.626753776750469e-05,0,0,0.001261244220219453,0,7.388158347761732e-05,0,0,0.00976752402825853,3.6380975031475047e-06,0,0,0,0,0,0,0,0.00022653263503566201,0,0,0,0.00019584859089343635,0.00039857208774664104,0.015628621747124892,0.20470404798725328,0,4.375651691709129e-06,3.8909589614383464e-05,0,0.01227914604837465,2.1918578139670417e-05,0,0,0,0,0,0,0,0,0,0,2.4234415325611515e-06,0,0,3.01206574744152e-06,0,0,0,0,0,0,6.968716055357144e-05
8.858634381628829e-05,3.503224718656571e-05,0,0,0.00034590867302577646,0.0024891359030387943,0.000198848453372217,0.0003479780637491258,0.0004919631291388441,1.3016692481680092,0.010826657042145424,0,0,6.668356767028387e-06,0,0,1.1433509549313958,0.1041798729117944,0.0025437670291532074,0.0010197310306190735,0,0,2.0025999501650598e-06,0,0,0,0,3.916651006362973e-05,0.00013491249562645215,0.0003924124994720125,3.9074979598565384e-05,0.04244295985257942,0.0415474472537272,0.17111586664282985,0.006976934544154434,0.0013258343997716348,0.014338118714964359,0.006126952849120198,0,2.706439903989998e-06,0,0,0,0,0,0,0,0,6.1720298887773505e-06,0,8.662756244182282e-05,0.0004245956400421319,0,0,2.386034451919427e-05,0,0.0004979497925234612,0.0003170900378458418,0.00020918093652403096,3.873270030117499e-06,0.0004088333432004045,0,0,0,0,0,0,0,0,0,7.482423620177194e-07,0,7.638402986785124e-05,0,1.2951567222122817e-06,3.65975503166413e-05,0,1.365452522658978e-06,0,0,0,0,0.003927214388607976
0.00032534540961318777,0.00026413778914398335,0,0,0.0012203157457859458,0.0024895758503182663,0.0005715953218731988,0.00034240347850433963,0.00036436365547662787,0.007397445752737975,0.0005650350960327606,0,0,1.4771648897138506e-05,4.797060257032263e-05,1.1433509549313958,0,0.051084848047392266,0.7082888862413727,0.0023509230242461567,0,0,3.780891237208301e-05,0,1.7334166176013112e-05,0,0,5.059754081173934e-05,0.001302053899922021,0.027474679036515494,0.08788769542254006,0.3857350021030879,0.16086143996887423,0.06270741621750116,0.0028319991136351442,0.0003306147870815953,0.00941393892159951,0.0016066333446449713,0,0.0001396094627022181,1.1074644523495363e-05,0,0,0,0,0,0,0,3.0621885242317215e-06,0,5.500059464759641e-06,8.145332201546983e-05,0,0,0,0,0.00035660387476440977,0.00017919858076649272,0.0006129138049100281,2.5247656372845118e-05,0.0006358356985332743,0,0,0,0,0,0,0,0,1.1729375626777597e-06,1.3608593321666254e-06,0,4.874613485849789e-05,0,1.27852194680402e-06,0.00013588861842456706,1.367940545623967e-06,8.370152623334814e-06,1.262158100447977e-06,0,4.457802647355275e-06,0,0.0009997256352901123
6.397700664848102e-05,1.735688704879415e-05,0,0,0.0001148828730244122,0.00018877500248454067,0.0003440112447126065,0.0005915274348264778,0.001123464773989341,0.002166112745241201,0.003317451701364694,0,0,0,0.00016623841350497392,0.1041798729117944,0.051084848047392266,0,1.727379262207306,0.19051678627909513,0.031053414947645654,0.001135462788110934,0.13741557654295058,0.0013546783771776455,0.0021251383616331353,0.0001605396010394825,2.6624574126314837e-05,0.00010928480771405832,0.001438291949013092,0.001215590839320372,5.960862773714096e-05,0.0030363651210506028,7.696041675458705e-06,0.0011839407116293436,0.007321777429959905,0.0005599942255047152,0.005206929801999134,0.002186312671283666,0,0.001490671375883239,0.00025769601171843863,0,0,0,0,0,0,0,2.5151043753207953e-05,0,0,2.0190223662999503e-05,0,0,5.709841327843301e-06,1.8594012435778605e-05,9.105290093241752e-05,0.0002843309843175082,0.0012534478608734394,0.0003170365158640637,0.002709292335224088,0.00016075533634844175,3.0503929958063002e-05,0.00030185271058180447,4.122076245106348e-05,1.0110668060293896e-05,0,0,0,9.295702862422212e-05,7.310963410876088e-05,1.9586474435963866e-06,0.00019502606639160554,0,0,0.0005694913603508018,1.4805918020912623e-06,1.7797447092861427e-05,0,0,9.941053314266422e-05,0,0.0023184798461376036
8.842628315900515e-05,4.443817542408561e-05,0,0,0.0004237106067962298,0.0007147071370452964,0.001349613433393952,0.000517786718518479,0.0025427556638666256,0.0014730270853016455,1.5889394810402465e-06,0,0,0,2.286209624321086e-05,0.0025437670291532074,0.7082888862413727,1.727379262207306,0,0.0017252321328737705,0,0,0.40155650430118256,2.7301826946537185e-05,0.004237442411474577,9.431817011953155e-05,3.080306346347238e-05,0.00012780435280516827,0.017209214876487224,0.10812844144887335,0.10359456407051741,0.004655136669181292,0,0.0009693428750345314,0.002350380771492053,8.365354165539043e-05,0.0041380586302425665,0.001610601198118538,2.163997006463582e-06,0.0010067628351978343,0.00021121312618894452,0,0,0,0,0,0,0,1.6355162317401875e-05,0,6.469336347863324e-07,0,0,0,0,0,2.0003158802412546e-06,4.026256381601192e-06,0.0003026512640927284,6.245426798228286e-05,0.0006831747970512765,1.6016441278188233e-06,0,3.456668936932797e-05,0,0,0,0,0,8.32941306725352e-06,1.024424983104208e-06,0,1.62120119280357e-06,0,0,8.37542612559385e-05,0,2.370153810245902e-06,0,0,1.7155455521422092e-06,0,0.0008933073768527674
8.891470589762447e-06,2.2141599266674175e-06,0,8.948737989316587e-05,1.3627551784866215e-05,0,0.00010919155521530637,0.005182403592321618,0,3.967981191347962e-05,0.2950025945542648,0.0011810698796768724,0.005323013556947792,0.08510467216962138,1.2777671223112015,0.0010197310306190735,0.0023509230242461567,0.19051678627909513,0.0017252321328737705,0,1.201021878523426,0.19039276011649992,0.0008370850878665863,0.2364645370379141,0.000978718915847679,0.002889493190413738,0.0008496880083112065,7.524529311779435e-05,0.0005274789255004862,0.0007965312115306191,5.430301912185711e-05,0.002531016813539099,0,0.0005216738264496768,0.007994123527620762,0.0006839281995924983,0.0023938873275419366,0.0012166082346848595,0,0.00823167728685632,0.0002171215451995522,0,0,0,1.6604061676551938e-06,0,0,1.9841332703251556e-06,0.0007736586008706806,0,2.0937352084657486e-05,0.0008605491056263617,0.0003341047607536714,0.0008802741004627179,0.00818340421866365,0.013735025891846038,0.0003934466700687443,0.00047370712554570813,0.00252447740364385,0.0005512564241644542,0.08934917995679632,0.0013146009125214588,0.0005534382184351856,0.0005617271568028874,0.0005302982824667736,9.444312560003022e-05,3.184712436176474e-06,1.1549028115781606e-06,0,0.0002688982703213204,0.00017324570853392794,4.489555676542991e-06,0.0003554305019159627,0,5.05077289575921e-06,0.001531738089588285,4.6451867693327446e-05,0.0002665471238921839,0.00011792297703215185,0,0.0005614216675275531,1.0313837496378652e-05,0.002044462126330102
0,0,0,0,0,0,0,7.57572678250062e-05,0,0,0,8.522137221279594e-06,5.687145365518684e-05,0.00026695352381164575,0.00573035328277652,0,0,0.031053414947645654,0,1.201021878523426,0,0.275001541506522,0.005028009631228263,0.018570969460648987,7.315435547794257e-05,0.0001546088482495315,0,0,0,1.3380390423472671e-05,0,0.00014918916569320298,0,0,0.0007455374355572051,0,5.2980224732824714e-05,0,0,0.0010865344165334658,0,0,0,0,0,0,0,0,1.1982313423183074e-06,0,0,0,0,0,6.408579751080673e-06,9.603481436827862e-05,0,0,4.1779723113032195e-05,0,0.002519024509056536,0.014642035646004725,0.001418647035570863,9.607022602167689e-05,0.0003309780633092233,0,0,0,0,0,0,0,0,0,0,1.9728043539406382e-05,0,0,0,0,0,0,1.29823605143956e-05
6.155153417380251e-06,0,0,0,0,0,2.8130768953850548e-06,7.265680164918802e-07,0,0,0,0,0,0,0.006621571690316771,0,0,0.001135462788110934,0,0.19039276011649992,0.275001541506522,0,0.011915868390665826,0.43666018543108476,0.0005263211875834802,0.0007639655747749249,0,5.260963089459015e-06,1.0229214106625561e-05,9.240609960698912e-05,0,0.00010436874007371492,0,0,0.0005934881030126398,0,6.887643864277679e-05,0,0,0.0012226685244087709,3.4030165260496415e-06,0,0,0,0,0,0,0,0,0,0,0,0,0,0,1.6250029694284865e-05,0,0,4.971212530279562e-06,0,0.0006518774273292896,0.012552943247618407,0.010435933125951667,0.00022897816948938513,0.008468241652061078,3.238066961355676e-06,0,0,0,0,0,0,0,0,0,7.013453026380847e-06,0,0,0,0,0,0,1.723434253520584e-06
0.00021308890697232407,4.355471710889498e-05,0,7.031953065234908e-07,4.202716427541365e-05,0,0.0001678691067684371,0.00012711142822122149,7.054991136829963e-05,1.3916483667999794e-05,0,0,0,0,0,2.0025999501650598e-06,3.780891237208301e-05,0.13741557654295058,0.40155650430118256,0.0008370850878665863,0.005028009631228263,0.011915868390665826,0,0.08904520105387262,0.09082162255898787,0.0014297407465305083,7.776128350194869e-05,0.00022122913344732237,0.2866882913680705,0.0439905034495308,8.973487496994896e-05,0.0025186253398872672,0,0.00040925076039246975,0.002020856262055462,1.7654289581797368e-05,0.002234901254896473,0.0005804159318639644,0,0.0009722259832116103,0.0003458615463540681,0,0,0,0,0,0,0,0,0,0,0,0,0,0,0,0,0,5.9653914450697896e-05,6.933156182302605e-06,0.0004553291086008615,5.425601205415793e-05,5.684323027409302e-05,0.00024512275289458106,7.559346959992136e-05,1.4115642534547762e-06,0,0,0,0,0,0,0,0,0,8.146086455883118e-05,0,0,0,0,1.57145365787702e-05,0,0.0005332089473594043
0.00021575135732055701,7.02571528111738e-05,0,2.6085188281618318e-06,1.6843494778399676e-05,0,9.865459583726745e-05,6.112319910409935e-05,0,0,0,0,3.0667264507107003e-06,9.153705884903823e-06,0.8963440938707172,0,0,0.0013546783771776455,2.7301826946537185e-05,0.2364645370379141,0.018570969460648987,0.43666018543108476,0.08904520105387262,0,1.2127013111300768,0.15052451273410467,0.0006582759615230985,0.00032940775673357623,0.0009367148059765368,0.0009639923947067781,0,0.0007105357235990227,0,5.241349853860989e-06,0.001958327777159197,5.773050826436023e-06,0.000983524775654154,0,0,0.009708902732574456,8.510638756730222e-05,0,0,0,0,0,0,0,0,0,0,0,0,0,0,0,0,0,0,0,0.00036881199388440384,0.00016144124053018473,0.000319064740940783,0.0007570299579631098,0.037500137326353065,6.757934414867113e-06,0,0,0,0,0,0,0,0,0,6.248516980266024e-05,0,0,0,0,4.62172463967071e-05,0,0.000406834797599889
0.00010199242211079754,1.2221668124529794e-05,0,3.2511519722273926e-05,0,0,9.978477759407578e-05,7.204779861456579e-05,2.0218645100529038e-05,1.9838644348516536e-06,0,1.4780384337131597e-06,1.4663363079377463e-06,0,0.0005089594183270152,0,1.7334166176013112e-05,0.0021251383616331353,0.004237442411474577,0.000978718915847679,7.315435547794257e-05,0.0005263211875834802,0.09082162255898787,1.2127013111300768,0,1.6499650951144675,1.171245530717823,0.02317429717773008,2.8046047319911453,0.002613317544732463,2.444811657865813e-06,0.000631824615298658,0,0,0.003985477015975564,0.00016532430283981443,0.0010547333305809424,0.00019681304430405427,1.9265229327158435e-05,0.04059637601861842,0.007993316894197992,0,0,0,0,0,0,0,0,0,0,0,0,0,0,0,0,0,3.2395093101577334e-06,2.020119160582583e-06,0.00010419060008316682,1.0875068058084425e-06,0,1.4978693672833154e-05,2.2482055120295094e-06,0,0,0,0,0,0,0,0,0,0,1.0625157792539996e-05,0,0,0,0,2.2289354184850637e-05,0,0.000654816479676479
0,0,0,0,0,0,0,2.3875427465855753e-05,0,0,0,0,5.697412481225076e-06,2.0724104493752454e-05,0.011349668368463968,0,0,0.0001605396010394825,9.431817011953155e-05,0.002889493190413738,0.0001546088482495315,0.0007639655747749249,0.0014297407465305083,0.15052451273410467,1.6499650951144675,0,0.22688208760826215,0.00022093328057789092,0.0015985531449889624,3.379757502830742e-05,0,1.2700358930215592e-05,0,0,0.0004267838032267629,0,1.5335039984037438e-05,0,0,0.10989313639653574,0.0009906441249294359,0,0,0,0,0,0,0,0,0,0,0,0,0,0,0,0,0,0,0,9.324572604662363e-07,0,0,0,0,0,0,0,0,0,0,0,0,0,0,0,0,0,0,0,0,0,0.0018627767619981742
0.0006567499527450267,0,0,0.00045418095493048716,0,0,2.0646443321496123e-06,3.378438332078683e-05,0,0,0,2.155546633031737e-05,8.884992381789339e-06,2.1600545612249896e-05,0.0015306209890547596,0,0,2.6624574126314837e-05,3.080306346347238e-05,0.0008496880083112065,0,0,7.776128350194869e-05,0.0006582759615230985,1.171245530717823,0.22688208760826215,0,0.5788326230140581,0.0014332940630282438,5.478412474631604e-05,0,1.2085192002013777e-05,0,0.00014647999243233648,0.006505569796121897,0.00024248861575135476,0.001260012271827881,0.0009539064691453758,8.843345689664447e-05,0.1755326270321882,0.4678867703998752,0,0,0,0,0,0,0,0,0,0,0,0,0,0,0,0,0,0,0,0,0,0,0,0,0,0,0,0,0,0,0,0,0,0,0,0,0,0,0,0,0,0.0011229272294193174
0.012480986892783269,2.7869634481523334e-05,2.5295000982282185e-05,0.002809274988824286,0,0,0.00011756648598700038,3.5017148961876986e-05,0,0,0,0.00024659693722961073,2.675308806779373e-06,0,0,3.916651006362973e-05,5.059754081173934e-05,0.00010928480771405832,0.00012780435280516827,7.524529311779435e-05,0,5.260963089459015e-06,0.00022122913344732237,0.00032940775673357623,0.02317429717773008,0.00022093328057789092,0.5788326230140581,0,0.07290973925204743,0.10229008920281049,0,0.3149229419989913,0,0.007730039970300703,0.004729001210385279,0.0004453626594951005,0.01107948767852224,0.002144464062578104,0.0008441858528300993,0.004784169600642769,0.056052610562066014,4.696383948449281e-06,0,0,9.186515816092751e-05,0,0,0,0,0,0,0,0,0,0,0,0,0,0,0,0,0,0,0,0,0,0,0,0,0,0,0,0,0,0,0,1.5030540914769138e-05,0,0,0,0,0,0.0005844597515536266
0.0002107117211898322,2.0044199663924222e-05,1.631542084667794e-06,1.0218306477203688e-05,1.9843527152731826e-05,3.170446008914113e-05,0.00042375274246815207,0.00010418814779466274,0.0003597200251948612,9.266084003365502e-05,0,0,0,0,3.025528554056395e-06,0.00013491249562645215,0.001302053899922021,0.001438291949013092,0.017209214876487224,0.0005274789255004862,0,1.0229214106625561e-05,0.2866882913680705,0.0009367148059765368,2.8046047319911453,0.0015985531449889624,0.0014332940630282438,0.07290973925204743,0,3.078137282048297,0.002674752765284411,0.001829141648350308,0,9.199937824386595e-05,0.0028806834152204325,0.00012795951277784707,0.0018431590631155462,0.0006171027402003556,3.069666280546761e-05,0.008127999583950694,0.0016837593384887103,0,0,0,0,0,0,0,0,0,0,0,0,0,0,0,0,0,4.096714525373627e-05,1.5687286347345214e-06,0.00019365426862587748,0,0,9.159713314260586e-06,0,0,0,0,0,7.430117293665033e-07,0,0,0,0,0,6.857177422917819e-07,0,2.9007474369603483e-06,0,0,0,0,0.00036802605042068
0.0009502217822681778,0.00019394362425717451,9.214301726087251e-06,3.5095653749915756e-05,0.0003037462095091737,0.0002991411053763143,0.0007434189169897285,0.0002481916371385997,0.0002992424913245842,0.00028696944297215135,1.0056817610935019e-05,0,0,0,7.848297630648148e-06,0.0003924124994720125,0.027474679036515494,0.001215590839320372,0.10812844144887335,0.0007965312115306191,1.3380390423472671e-05,9.240609960698912e-05,0.0439905034495308,0.0009639923947067781,0.002613317544732463,3.379757502830742e-05,5.478412474631604e-05,0.10229008920281049,3.078137282048297,0,0.5354396865765549,2.012726574744355,0,0.0012082621886368443,0.002545080858220216,0.0001176334399970406,0.0036080047859619827,0.0010514769515463608,1.9884808578547984e-05,0.003074671520682553,0.0005017612846631378,0,0,0,0,0,0,0,5.570876712134872e-07,0,0,0,0,0,0,0,7.423720073621523e-06,2.152712044903917e-06,0.00012715267568026587,0,0.00021439770563657653,0,0,0,0,0,0,0,0,0,0,0,0,0,0,1.794712589750699e-05,0,0,0,0,0,0,0.000578181562686846
0,4.279059837668547e-06,0,0,0.00011762070297582908,9.494918527657498e-05,0.00020370742906540549,2.019381339715805e-05,3.075049615570542e-05,3.8115339850805155e-05,0,0,0,0,0,3.9074979598565384e-05,0.08788769542254006,5.960862773714096e-05,0.10359456407051741,5.430301912185711e-05,0,0,8.973487496994896e-05,0,2.444811657865813e-06,0,0,0,0.002674752765284411,0.5354396865765549,0,0.14927806443906683,0,0.00020287753236282027,5.157148322447872e-05,0,0.0008103242519987627,0.00010457443546189626,0,0,0,0,0,0,0,0,0,0,0,0,0,0,0,0,0,0,0,0,0,0,3.0238352321456495e-06,0,0,0,0,0,0,0,0,0,0,0,0,0,0,0,0,0,0,0,0,0,3.451149260278014e-05
0.02256002604761904,0.000993200209215777,1.233622413371785e-05,0.0003872982182545007,0.0009446188519574497,0.009344066611607789,0.000336683867645411,0.00045577299720234957,9.653140303526315e-06,0.039033424834976585,0.00037204928764196336,0,0,1.3175997686683231e-05,7.626753776750469e-05,0.04244295985257942,0.3857350021030879,0.0030363651210506028,0.004655136669181292,0.002531016813539099,0.00014918916569320298,0.00010436874007371492,0.0025186253398872672,0.0007105357235990227,0.000631824615298658,1.2700358930215592e-05,1.2085192002013777e-05,0.3149229419989913,0.001829141648350308,2.012726574744355,0.14927806443906683,0,0.46056789072166177,0.2171075242949577,0.0030356414781097635,0.0003717785089471848,0.020233035515627915,0.0013729427428498752,0,0.0012149783611251875,0.0007385176889904216,0,0,0,0,0,0,0,3.5695203100237153e-06,0,0,1.2397014374640767e-05,0,0,0,0,0.00013393780510622544,5.544356897383412e-05,0.0004960140474427789,1.0172641014922717e-05,0.0006110717979487553,0,0,0,0,0,0,0,0,7.666256062989068e-07,8.402339052183364e-07,0,1.854791411372771e-05,0,0,0.00012745043894553615,0,6.833098315498268e-06,2.929181419619405e-06,0,0,0,0.0008435554051241723
0,0,0,0,0,0,0,0,0,0.004283136442510545,0,0,0,0,0,0.0415474472537272,0.16086143996887423,7.696041675458705e-06,0,0,0,0,0,0,0,0,0,0,0,0,0,0.46056789072166177,0,0.22306481825389998,0,6.505981708179063e-06,0.0021016113668831907,0,0,0,0,0,0,0,0,0,0,0,0,0,0,0,0,0,0,0,0,0,0,0,0,0,0,0,0,0,0,0,0,0,0,0,0,0,0,0,0,0,0,0,0,0,0
0.7841035507095231,0.007822643425096299,0,0.00011022300120873662,0.09654670849716633,0.8595711577631436,0.0005052989365639878,0.0010353563351118533,1.7840505481550421e-06,0.24273756957866685,1.6830912107186017e-05,0,0,0,0,0.17111586664282985,0.06270741621750116,0.0011839407116293436,0.0009693428750345314,0.0005216738264496768,0,0,0.00040925076039246975,5.241349853860989e-06,0,0,0.00014647999243233648,0.007730039970300703,9.199937824386595e-05,0.0012082621886368443,0.00020287753236282027,0.2171075242949577,0.22306481825389998,0,0.0006117839679804996,0.00019060368747008484,0.09729161821358899,0.00012107682389771515,0,0,0.00016444589933169436,0,0,0,0,0,0,0,1.7783155924987056e-05,1.515462824467327e-06,1.1805055576120045e-06,0,0,0,0,0,9.945004720682342e-07,0,1.0686101783744831e-06,0,8.497400706331665e-06,0,0,0,0,0,0,0,0,0,0,0,0,0,0,2.022270219808477e-06,0,0,0,0,0,0,7.536035682359329e-05
0.0013114758208956998,0.005382106649708743,0.0011511098468410409,0.0005240553323881524,0.0058499024633478485,0.0014597662885769982,0.013043714501172192,0.020748618758574082,0.0011749763794466378,0.009172216598272963,0.0028686279979972555,1.3952006148468685e-05,0.00011634250533252782,0.00015143030936397368,0.001261244220219453,0.006976934544154434,0.0028319991136351442,0.007321777429959905,0.002350380771492053,0.007994123527620762,0.0007455374355572051,0.0005934881030126398,0.002020856262055462,0.001958327777159197,0.003985477015975564,0.0004267838032267629,0.006505569796121897,0.004729001210385279,0.0028806834152204325,0.002545080858220216,5.157148322447872e-05,0.0030356414781097635,0,0.0006117839679804996,0,0.7752169491966234,0.01584916769611532,0.024346673229709948,0.019179091143689733,0.30724410843192657,0.052948843371198186,0,6.358128547180885e-06,0,3.3920132772140817e-06,3.260859384157042e-05,3.181115107757555e-05,0.0006529378222295864,0.002598726110418095,0.00012156969268094895,0.00019098589218173362,0.00014811452146910387,0,1.2474873919134924e-05,1.6200428029244736e-05,3.2355691737704593e-06,2.3385360966899394e-05,6.214901323277884e-05,0.0005327699433513749,8.985138743977092e-05,0.001414632974545976,2.3072675227163115e-05,3.8241338945471476e-06,0.00017139280585031465,0.00011629205769120566,2.424986398436318e-05,0,0,0,5.906127367596863e-06,5.179477894324726e-06,0,4.228560846924032e-05,0,2.221831673675485e-06,0.01607702133272851,0.00019250411675143092,0.0003196770478632063,0.00010907827387675733,0,0.0016912493875963078,0.0001471569245234809,0.462724435497178
0.005481544174035383,0.015531866081839004,0.006193149163624959,0.0038900948230266652,0.007363480214897094,0.0010111106238353154,0.0305278972354213,0.016433333416915538,0.0008364923185702653,0.00445779053329196,0.0007546524422398986,0,0,3.3105869340881308e-06,0,0.0013258343997716348,0.0003306147870815953,0.0005599942255047152,8.365354165539043e-05,0.0006839281995924983,0,0,1.7654289581797368e-05,5.773050826436023e-06,0.00016532430283981443,0,0.00024248861575135476,0.0004453626594951005,0.00012795951277784707,0.0001176334399970406,0,0.0003717785089471848,6.505981708179063e-06,0.00019060368747008484,0.7752169491966234,0,0.09866523220989123,0.03803363274739321,0.5244733615026282,0.0029439822728330937,0.0021688381470579064,2.717992318202595e-06,2.333221829624536e-05,2.7028398863172683e-06,0.00024117103613239204,2.3944073336369207e-05,0,0.0004931193311515119,0.0015146081957463447,1.6709025809797735e-05,8.462505256951392e-05,9.559254157935913e-05,2.3437071389563506e-06,0,1.3506058918037064e-05,0,4.436583539421097e-06,1.3628922008554408e-06,7.90443961182848e-07,0,6.370851425372038e-05,0,0,0,0,0,0,0,0,0,0,0,0,0,0,0.0009671901959082206,0.0001975467231592461,0.00010687431991268753,1.4154258936877874e-05,0,0,0,0.025108685280480273
0.014595103763928332,0.010070214654633376,0.003812537457601555,0.0030065887031568606,0.009027497324775173,0.003970089608555999,0.014946629948061726,0.022490628124050952,0.0009874362057723323,0.01584584662225812,0.0013358817468979997,0.00013945974348026274,8.497273527637661e-05,4.6334465971446935e-05,7.388158347761732e-05,0.014338118714964359,0.00941393892159951,0.005206929801999134,0.0041380586302425665,0.0023938873275419366,5.2980224732824714e-05,6.887643864277679e-05,0.002234901254896473,0.000983524775654154,0.0010547333305809424,1.5335039984037438e-05,0.001260012271827881,0.01107948767852224,0.0018431590631155462,0.0036080047859619827,0.0008103242519987627,0.020233035515627915,0.0021016113668831907,0.09729161821358899,0.01584916769611532,0.09866523220989123,0,3.4930941690369868,0.08394006045517617,0.0015125867174508442,0.013596040068225979,0,0,1.6860297904667673e-06,0.00010481446273903547,1.6234585575568531e-06,1.7049693803094388e-06,0.00022992573261565186,0.001436603902430747,1.1905229834624987e-05,0.0002053771522807443,6.086108620813084e-05,9.536782954996823e-06,0,0,0,9.669850912622593e-06,4.197116000000327e-06,0.00010657711833240595,4.687478702614989e-06,0.0005192749120555727,0,0,1.1208913103924324e-06,0,0,0,0,0,7.479603422911595e-07,5.529956009284985e-07,0,6.392969102049831e-07,0,0,0.00025866861554729503,5.7333101862223126e-05,0.0002018223714475364,3.7736039904695472e-06,0,0,0,0.009852840723481478
0.0005242412574041712,0.001265071570949207,4.4622307509859e-05,1.95496438328659e-05,0.0012967936377695566,0.00035790669807640805,0.0019639548744923062,0.005335966122784201,0.00015193286404965915,0.007917520404718723,0.00036197147940393543,0,0,0,0,0.006126952849120198,0.0016066333446449713,0.002186312671283666,0.001610601198118538,0.0012166082346848595,0,0,0.0005804159318639644,0,0.00019681304430405427,0,0.0009539064691453758,0.002144464062578104,0.0006171027402003556,0.0010514769515463608,0.00010457443546189626,0.0013729427428498752,0,0.00012107682389771515,0.024346673229709948,0.03803363274739321,3.4930941690369868,0,0.004442224315728631,0.0008830963611183483,0.04968110972000359,0,0,0,0,0,0,4.857530380962264e-06,0.00037759207698853013,0,1.617232209316122e-05,9.638847671949543e-06,0,0,0,0,1.362317406021744e-06,1.5775062948812794e-06,1.5877755172959267e-06,0,0.00020989464561494664,0,0,0,0,0,0,0,0,0,0,0,0,0,0,0.00020321156881395507,2.7658412194634905e-06,6.902609942669665e-05,1.595288230557845e-05,0,0,0,0.09828490317719221
0.0022377110497676903,0.00018097631369010998,0.0012570130379557668,0.0038737141459813983,0,0,0.0009765058294066639,0.00016022079765962838,0,0,0,0.00031212597884769773,1.584048156022053e-05,3.4161732681008867e-06,0,0,0,0,2.163997006463582e-06,0,0,0,0,0,1.9265229327158435e-05,0,8.843345689664447e-05,0.0008441858528300993,3.069666280546761e-05,1.9884808578547984e-05,0,0,0,0,0.019179091143689733,0.5244733615026282,0.08394006045517617,0.004442224315728631,0,0.0002761353654643744,0.0020193977389771547,0,0,0,8.482916552061587e-05,0,0,0,0,0,0,0,0,0,0,0,0,0,0,0,0,0,0,0,0,0,0,0,0,0,0,0,0,0,0,2.440933794047216e-05,7.732788331386152e-06,0.0003103678376852696,0,7.292056419105671e-05,0,0,0.0005121184555087506
0.0001653514122616546,0.00010587365519456254,0,2.2791668644320277e-05,3.046434983959571e-05,0,0.0002784099766725947,0.0002827216108638749,0,4.415823513497877e-06,0,8.434590666105098e-06,7.02354949335945e-05,0.00036544171644528644,0.00976752402825853,2.706439903989998e-06,0.0001396094627022181,0.001490671375883239,0.0010067628351978343,0.00823167728685632,0.0010865344165334658,0.0012226685244087709,0.0009722259832116103,0.009708902732574456,0.04059637601861842,0.10989313639653574,0.1755326270321882,0.004784169600642769,0.008127999583950694,0.003074671520682553,0,0.0012149783611251875,0,0,0.30724410843192657,0.0029439822728330937,0.0015125867174508442,0.0008830963611183483,0.0002761353654643744,0,0.5340031472845741,0,0,0,0,0,0,0,4.3652590842473215e-06,0,0,0,0,0,0,0,0,4.674697551318282e-06,0.00020889550039559837,1.1877739807107605e-05,0.0009158919049601916,2.2652011599785795e-05,4.235103642567338e-05,7.963247135386936e-05,0.0003536018252543524,3.452650776642178e-05,0,0,0,3.38569558682664e-06,0,0,0,0,0,0.0014022127775257286,0,7.06488606884112e-06,0,0,0.0020875412701172723,0,0.0037019926964133613
0.0005569528396282314,2.1032282896863112e-05,0,0.0001250883810461025,0,0,5.0926402035999415e-05,2.1612176212879743e-05,0,1.5753451390376014e-06,0,3.0255176948326072e-06,0,0,3.6380975031475047e-06,0,1.1074644523495363e-05,0.00025769601171843863,0.00021121312618894452,0.0002171215451995522,0,3.4030165260496415e-06,0.0003458615463540681,8.510638756730222e-05,0.007993316894197992,0.0009906441249294359,0.4678867703998752,0.056052610562066014,0.0016837593384887103,0.0005017612846631378,0,0.0007385176889904216,0,0.00016444589933169436,0.052948843371198186,0.0021688381470579064,0.013596040068225979,0.04968110972000359,0.0020193977389771547,0.5340031472845741,0,0,0,0,0,0,0,0,0,0,0,0,0,0,0,0,0,0,0,0,1.5842195426312572e-05,0,0,0,0,0,0,0,0,0,0,0,0,0,0,0.00012986834509220847,0,0,0,0,0,0,0.0076128289431438905
