0,11.024746461988304,23.53230856725146,7.630729269005846,17.1840084502924,40.54817631578947,17.325060614035085,0,0,0,0,29.080092105263155,65.75765,0,0,0,107.275175,0,0,0,0,158.68168181818183,155.65608163265307,151.25583333333333,97.50715,0,42.83232,47.31738947368421,105.71253333333334,100.38157500000001,0,43.22569911764706,99.05567500000001,13.118892631578948,84.71010454545456,52.26194427480916,53.00555941176471,71.4230037037037,52.115090127388534,94.23792499999999,53.001799999999996,74.5387,94.97215,102.3481625,68.2944351851852,0,0,0,0,0,0,0,0,0,0,0,0,0,0,0,0,0,0,0,0,0,0,0,0,0,0,0,0,0,0,0,66.68572499999999,0,0,60.534000000000006,0,0,0
11.024746461988304,0,60.51005612244897,60.175250000000005,10.608596432748538,48.27157314049587,19.569136549707597,0,0,0,0,0,0,0,0,0,119.29586176470588,0,0,0,0,173.31086363636365,169.59934615384617,164.42935526315787,0,0,0,101.62810172413793,121.59549999999999,124.09500000000001,138.47716666666668,70.46454852941177,111.7535,49.542197904191625,82.7240893939394,53.22833,59.19918294117647,72.54144677419355,61.56206015625,128.74251999999998,119.8536611111111,97.878175,105.90802941176472,110.54510344827588,102.37963000000002,115.228,0,108.67763125000002,107.0095,0,0,0,0,0,0,0,0,0,0,0,0,0,0,0,0,0,0,0,0,0,0,0,0,0,0,0,80.2522,0,0,79.37594999999999,0,0,116.99116153846153
23.53230856725146,60.51005612244897,0,12.738839883040935,0,0,12.663855467836258,28.227318362573097,0,0,0,80.86637727272728,0,0,0,0,0,0,0,0,0,176.40925,187.534625,170.62194736842102,144.77925000000002,0,119.4385,113.74533297872341,126.52166666666666,126.48649999999999,0,113.82679999999999,0,0,94.0537165562914,56.26532147058824,66.12333735294116,84.67557717391304,61.718795481927714,123.02533333333334,104.91605833333335,106.50472599999999,111.275514,93.68201705882353,93.43686911764705,121.562,0,117.37098165137617,119.45410405405407,0,0,0,98.8019175,0,0,0,0,0,0,0,0,0,0,0,0,0,0,0,0,0,0,0,0,0,0,0,86.02726854838708,86.22805,0,85.06443050847457,0,0,120.896
7.630729269005846,60.175250000000005,12.738839883040935,0,0,0,0,17.900552894736844,0,0,0,11.18628649122807,54.797484065934064,86.44747872340426,125.26060526315787,0,0,0,0,0,0,0,0,0,96.174875,0,67.51457023809523,71.16960808383234,0,0,0,78.4665,0,0,93.12265,54.524704639175255,59.575096323529415,0,49.25773023952095,0,70.7706857142857,77.00807171717173,99.41516999999999,73.35049298245615,25.64224093567252,0,0,105.89686428571429,78.75903278688526,0,0,0,32.90102719298246,78.34059285714284,114.75694999999999,0,0,0,0,0,0,0,0,0,0,0,0,0,106.46683333333331,0,0,0,0,0,0,0,67.68260735294118,0,0,61.22496633333333,0,0,0
17.1840084502924,10.608596432748538,0,0,0,13.858917397660814,15.888047836257307,80.47090576923078,65.28543469387755,79.94087727272728,0,0,0,0,0,114.41550000000001,109.75601813725491,134.326,131.97122,0,0,163.16275,169.10750000000002,153.656,0,0,0,0,0,145.71033333333332,128.99098437499998,93.92761346153844,0,27.64610497076023,81.16851054421768,62.484667701863344,61.21774730538922,70.00347014925373,0,0,0,0,111.275,124.412,0,117.01587500000001,0,111.76373695652174,0,0,0,0,0,0,0,0,0,0,0,0,0,0,0,0,0,0,0,0,0,0,0,0,0,0,0,0,0,0,0,0,0,0,119.93619999999999
40.54817631578947,48.27157314049587,0,0,13.858917397660814,0,23.770082748538012,78.66888265306122,28.44491888888889,12.455080116959062,0,0,0,0,0,60.04541418918919,85.16378720930231,97.42405,110.32483541666666,0,0,0,0,0,0,0,0,0,0,133.071,116.69187380952381,44.62994327731093,48.694375,12.807740438596488,74.7052125,61.18547,56.653797972972974,63.1909,94.51175,0,0,0,0,0,0,0,117.525875,118.47407142857142,111.66873529411764,113.09829310344828,0,0,0,0,0,0,0,0,0,0,0,0,0,0,0,0,0,0,0,0,0,0,0,0,0,0,0,0,0,0,0,0,0
17.325060614035085,19.569136549707597,12.663855467836258,0,15.888047836257307,23.770082748538012,0,28.64163450292397,27.86860906432748,70.23558305084747,0,0,0,0,0,0,124.53616666666667,138.4895,132.448141025641,0,0,179.6175,170.01966666666664,171.90300000000002,0,0,0,114.00185833333332,154.84875,142.90739285714287,131.56953703703704,0,0,0,83.11490177514793,55.64172017543859,65.219299704142,79.15344722222223,64.22812835051548,0,0,99.568625,110.51556052631581,116.31283333333334,106.71264999999998,114.05264285714286,113.80166500000001,109.67512049689441,110.94581480263159,112.38703571428573,0,0,0,0,0,0,0,0,0,0,0,0,0,0,0,0,0,0,0,0,0,0,0,0,0,123.786,88.33073333333331,0,0,0,0,0,120.9178
0,0,28.227318362573097,17.900552894736844,80.47090576923078,78.66888265306122,28.64163450292397,0,15.962166374269007,43.59407088235294,25.988683918128654,16.442163684210524,13.998614444444444,27.633554970760233,107.03500818965516,0,0,0,0,106.40604909090906,122.2795,0,0,0,0,0,0,0,0,0,0,0,0,0,82.71049415204678,63.19775953947369,69.28850847953217,77.25009530201342,71.45245,0,0,0,104.9147,111.9543738410596,75.82067428571429,111.39680000000001,111.00214285714284,109.85653788819876,63.95882748538012,104.6677996183206,109.84074375,89.31536739130435,46.27394731543623,48.29201451612903,56.133545833333336,0,0,0,0,0,0,0,0,0,0,0,0,0,0,0,0,0,0,0,0,118.57025,88.94487631578947,106.68239000000001,0,0,0,0,120.11881395348838
0,0,0,0,65.28543469387755,28.44491888888889,27.86860906432748,15.962166374269007,0,15.868066403508768,0,0,0,0,0,82.43899,93.28817500000001,97.47742133333335,102.36050292207793,0,0,0,121.26375,0,0,0,0,0,134.5360517241379,126.532,110.27472142857144,0,0,0,77.4031,51.444424999999995,56.502793749999995,60.097966666666665,0,0,0,0,0,0,0,0,110.41089473684208,111.652,106.06388876811594,104.57017749999997,110.72636759259261,107.27184,0,0,0,0,0,0,0,0,0,0,0,0,0,0,0,0,0,0,0,0,0,0,0,0,78.16775,0,0,0,0,0,0
0,0,0,0,79.94087727272728,12.455080116959062,70.23558305084747,43.59407088235294,15.868066403508768,0,35.78248069620253,0,0,0,0,14.100606432748537,62.951095985401466,83.20246617647061,96.16871249999998,0,0,0,0,0,0,0,0,0,0,0,102.848275,29.103560472972973,33.91633582677164,19.713585380116953,69.17897975206611,61.859864197530854,60.572282748538015,65.10503479532163,0,0,0,0,0,0,0,0,0,0,111.21325483870967,109.38753863636366,115.6291102362205,110.54959941520467,0,0,97.74595000000001,0,120.95442857142855,0,0,0,0,0,0,0,0,0,0,0,0,0,0,0,0,0,0,0,85.3417,0,0,0,0,0,105.13367111801242
0,0,0,0,0,0,0,25.988683918128654,0,35.78248069620253,0,0,62.938087745098045,11.576919502923976,46.3737875,34.40934583333333,82.00043,39.32322596153846,0,17.613144152046782,0,0,0,0,0,0,0,0,0,0,0,89.61534,77.20320000000001,0,76.8517467032967,76.41218333333333,82.31541687500001,80.38407234042553,0,0,0,0,0,0,0,0,0,0,86.29686764705883,0,110.05902,72.81209824561404,0,72.06595,63.467699107142856,0,116.010074122807,113.45228571428571,119.01799999999999,0,96.07176111111109,0,0,0,0,0,0,0,0,0,0,0,122.69900000000001,0,0,101.31135,89.29210833333333,102.74826428571427,108.852,0,0,0,115.25386075949365
29.080092105263155,0,80.86637727272728,11.18628649122807,0,0,0,16.442163684210524,0,0,0,0,18.692637426900582,62.86614210526316,103.9132573964497,0,0,0,0,116.18512096774194,133.43905,0,0,0,0,155.78099999999998,97.10163214285713,70.67954117647058,0,0,0,0,0,0,0,0,55.9277,0,34.698072656250005,143.2855,76.99407727272728,61.97252777777777,0,89.07577115384616,36.3523230994152,0,0,92.99005,53.42209918032787,0,0,0,14.888636900584794,42.53196081871344,91.64710963855423,124.17718918918918,0,0,0,0,0,0,0,0,0,0,0,0,0,0,0,0,0,0,0,0,56.73615625,0,0,45.839399404761906,0,0,0
65.75765,0,0,54.797484065934064,0,0,0,13.998614444444444,0,0,62.938087745098045,18.692637426900582,0,21.616757894736843,67.59280292397662,0,0,0,0,83.34052764705882,105.54715595238095,90.7544,0,0,0,123.87933333333335,138.31935000000001,102.01451666666665,0,0,0,0,0,0,0,0,68.46483333333333,0,62.33361730769232,102.48445625,0,0,0,115.7625,72.29323529411765,0,0,0,46.5531544117647,0,0,0,28.562016959064326,10.694894356725145,47.36322134502924,91.86838169014085,0,0,0,0,104.08629032258065,116.4915,0,0,0,0,0,0,0,0,0,0,0,0,0,0,0,0,0,69.73552333333335,0,0,0
0,0,0,86.44747872340426,0,0,0,27.633554970760233,0,0,11.576919502923976,62.86614210526316,21.616757894736843,0,19.71654064327485,0,0,0,0,33.820560818713446,73.20629038461539,73.1532,0,0,0,76.75164285714284,99.06723,0,0,0,0,0,0,0,0,0,0,0,93.24152,68.34124999999999,0,0,0,0,116.47487500000001,0,0,0,60.02594000000001,0,0,63.06802111801243,78.56702847222222,37.672135380116956,13.00067923976608,40.165960062893085,0,0,0,0,62.51445942622951,91.8738,0,0,0,0,0,0,0,0,0,0,0,0,0,0,0,0,0,110.1255,0,0,0
0,0,0,125.26060526315787,0,0,0,107.03500818965516,0,0,46.3737875,103.9132573964497,67.59280292397662,19.71654064327485,0,0,68.0899,0,0,12.81656543859649,41.26619356725146,32.26809580838323,0,8.1690833625731,64.25052142857142,29.671748809523805,65.25618115384616,0,0,0,0,0,0,0,62.58633333333333,0,104.12915,0,131.39175,37.9353875,90.34825000000001,0,0,0,0,0,0,0,0,0,0,79.8597,116.49035529411765,86.51689181034483,31.90683713450292,14.127644064327484,0,0,0,0,44.48289202453988,60.17625,39.8728,0,0,0,0,0,0,0,0,0,0,0,0,0,0,0,0,143.67975,0,0,0
0,0,0,0,114.41550000000001,60.04541418918919,0,0,82.43899,14.100606432748537,34.40934583333333,0,0,0,0,0,14.647026900584796,26.226387719298245,57.59164199999999,0,0,0,0,0,0,0,0,102.29753749999999,0,105.32365,95.34793333333334,34.72967397660819,23.468919005847955,25.49062280701754,68.88038300000001,75.6354590909091,62.81326403508772,67.0079207602339,0,0,0,0,0,0,0,0,0,0,0,0,0,117.7814396694215,0,0,0,0,124.34441666666665,123.9841153846154,0,0,0,0,0,0,0,0,0,0,0,0,0,0,0,0,0,0,0,0,0,0,0,0,100.82581555555556
107.275175,119.29586176470588,0,0,109.75601813725491,85.16378720930231,124.53616666666667,0,93.28817500000001,62.951095985401466,82.00043,0,0,0,68.0899,14.647026900584796,0,38.40955263157894,16.643195906432748,86.07600217391305,0,0,0,0,0,0,0,104.1361,86.89959375,49.983394736842115,29.656870467836256,23.95500614035087,17.7280216374269,38.92683421052631,68.34825000000001,76.1631,62.354731294964026,72.72545,0,0,0,0,0,0,0,0,0,0,0,0,0,125.26700000000001,0,0,0,0,121.46,126.041,129.11436666666665,0,129.07,0,0,0,0,0,0,0,0,0,0,0,0,0,0,0,0,0,0,0,0,0,0
0,0,0,0,134.326,97.42405,138.4895,0,97.47742133333335,83.20246617647061,39.32322596153846,0,0,0,0,26.226387719298245,38.40955263157894,0,13.919234005847954,23.237953216374265,22.766162865497073,52.377347916666665,25.377484795321635,66.20365,83.68969,87.2132125,0,130.441,94.83506551724138,106.71596250000002,0,106.71578537414966,85.71638333333334,101.28295333333334,86.18223827160493,123.722,88.54036294117648,88.69275416666666,133.65449999999998,90.01383717948718,108.3319625,0,0,0,0,0,0,0,0,0,0,130.8295,0,0,0,0,0,0,134.81003153153154,0,122.90215584415586,140.36443478260867,132.99108333333334,151.81363636363636,0,0,0,0,0,0,0,0,0,0,0,0,0,0,0,0,0,0,115.60063888888887
0,0,0,0,131.97122,110.32483541666666,132.448141025641,0,102.36050292207793,96.16871249999998,0,0,0,0,0,57.59164199999999,16.643195906432748,13.919234005847954,0,67.771675,0,0,18.48781549707602,0,77.39164590909091,84.64014,0,125.96466666666666,66.60337573099416,37.15638070175438,27.085693567251457,88.7125489051095,0,97.10086874999999,84.70161428571429,0,87.16138282442748,88.17197597402598,129.20866666666666,87.43063823529414,102.5958,0,0,0,0,0,0,0,0,0,0,0,0,0,0,0,0,0,135.13316666666665,0,115.63499999999999,0,0,0,0,0,0,0,0,0,0,0,0,0,0,0,0,0,0,0,0,0,0
0,0,0,0,0,0,0,106.40604909090906,0,0,17.613144152046782,116.18512096774194,83.34052764705882,33.820560818713446,12.81656543859649,0,86.07600217391305,23.237953216374265,67.771675,0,10.885165058479531,16.648703479532163,70.06459,18.328274707602336,0,64.29861068376067,97.65982205882354,0,100.74074999999999,109.15549999999999,0,101.16132333333333,0,0,81.08441055045871,118.476,95.26089090909092,90.39758125,0,64.7752852071006,0,0,0,0,0,0,0,0,0,0,0,88.06300625,130.53877777777777,97.31652465753423,53.32144000000001,43.263221646341464,0,0,123.59409797297299,0,44.51275555555555,91.86658407079646,97.30338384615386,138.4745,0,0,0,0,0,0,0,0,0,0,0,0,0,0,0,0,101.40485,0,117.19012500000001
0,0,0,0,0,0,0,122.2795,0,0,0,133.43905,105.54715595238095,73.20629038461539,41.26619356725146,0,0,22.766162865497073,0,10.885165058479531,0,14.731724064327485,34.12562645270271,38.01269532163742,79.8016375,73.36989952830189,112.77902,0,0,0,0,116.77514545454547,0,0,92.46158999999999,0,103.04294999999999,0,0,75.9313043918919,0,0,0,0,0,0,0,0,0,0,0,0,0,112.4876,77.3054125,59.456448333333334,0,0,111.38245,0,70.55408194444445,32.10322339181287,56.83168216374269,144.69473061224488,79.06358010752687,0,0,0,0,0,0,0,0,0,0,0,0,0,0,0,0,0,0
158.68168181818183,173.31086363636365,176.40925,0,163.16275,0,179.6175,0,0,0,0,0,90.7544,73.1532,32.26809580838323,0,0,52.377347916666665,0,16.648703479532163,14.731724064327485,0,26.90982391025641,13.756880175438598,62.799057999999995,56.231392907801414,107.148575,130.45182142857144,110.499,116.430625,0,121.25033333333333,0,0,92.18724375,0,101.63820500000003,0,0,68.74469006410256,109.24184444444444,0,0,0,0,0,0,0,0,0,0,0,0,0,0,45.3773,0,0,0,0,63.63538709677419,27.446395701754383,25.897902339181286,74.12022307692307,32.663291916167665,0,0,0,0,0,0,0,0,0,0,0,0,0,0,0,0,0,0
155.65608163265307,169.59934615384617,187.534625,0,169.10750000000002,0,170.01966666666664,0,121.26375,0,0,0,0,0,0,0,0,25.377484795321635,18.48781549707602,70.06459,34.12562645270271,26.90982391025641,0,23.189638538011696,35.22060087719298,75.35526644295302,116.411385,134.6058720930233,22.087969298245614,38.82518245614035,68.05663333333332,109.44659457831327,0,115.75782857142855,101.7364568627451,0,99.61416397515528,98.35509242424243,128.09166666666667,90.0778731707317,111.50481015625,0,0,0,0,0,0,0,0,0,0,0,0,0,0,0,0,0,0,0,122.571625,145.27521666666667,132.52686486486488,162.0378875,122.27274999999999,0,0,0,0,0,0,0,0,0,0,0,0,0,0,0,0,0,0
151.25583333333333,164.42935526315787,170.62194736842102,0,153.656,0,171.90300000000002,0,0,0,0,0,0,0,8.1690833625731,0,0,66.20365,0,18.328274707602336,38.01269532163742,13.756880175438598,23.189638538011696,0,12.137828128654968,19.361062953216376,82.78707577319588,119.00435924369748,93.30742205882352,110.06001052631575,0,117.12635499999999,0,0,88.1303552631579,0,103.7308125,0,112.78233333333333,51.42554239766082,102.5259375,0,0,0,0,0,0,0,0,0,0,0,0,0,0,0,0,0,0,0,0,70.33267249999999,59.15187739726027,59.11627,22.63168628654971,0,0,0,0,0,0,0,0,0,0,0,0,0,0,0,0,0,0
97.50715,0,144.77925000000002,96.174875,0,0,0,0,0,0,0,0,0,0,64.25052142857142,0,0,83.68969,77.39164590909091,0,79.8016375,62.799057999999995,35.22060087719298,12.137828128654968,0,10.792755555555555,10.026143801169589,31.180091529411765,11.341136286549707,56.253083333333336,0,0,0,0,84.06007142857142,0,84.77031666666666,75.42830000000001,83.0713,40.46132690058479,41.656902734375,0,0,0,0,0,0,0,0,0,0,0,0,0,0,0,0,0,0,0,0,0,0,0,0,0,0,0,0,0,0,0,0,0,0,0,0,0,0,0,0,0,0
0,0,0,0,0,0,0,0,0,0,0,155.78099999999998,123.87933333333335,76.75164285714284,29.671748809523805,0,0,87.2132125,84.64014,64.29861068376067,73.36989952830189,56.231392907801414,75.35526644295302,19.361062953216376,10.792755555555555,0,15.972850029239765,72.36717241379311,58.50827898550725,0,0,0,0,0,0,0,0,0,88.38295,20.38762894736842,43.89902236842105,0,0,0,0,0,0,0,0,0,0,0,0,0,0,0,0,0,0,0,0,0,0,0,0,0,0,0,0,0,0,0,0,0,0,0,0,0,0,0,0,0,29.18291875
42.83232,0,119.4385,67.51457023809523,0,0,0,0,0,0,0,97.10163214285713,138.31935000000001,99.06723,65.25618115384616,0,0,0,0,97.65982205882354,112.77902,107.148575,116.411385,82.78707577319588,10.026143801169589,15.972850029239765,0,7.774453245614035,44.65627037037036,0,0,0,0,0,72.28376556886228,94.79189062500001,51.86042777777777,54.56821101694914,69.8611613861386,25.13284795321637,13.343513187134501,0,0,0,0,0,0,0,0,0,0,0,0,0,0,0,0,0,0,0,0,0,0,0,0,0,0,0,0,0,0,0,0,0,0,0,0,0,0,114.4981,0,0,62.54885
47.31738947368421,101.62810172413793,113.74533297872341,71.16960808383234,0,0,114.00185833333332,0,0,0,0,70.67954117647058,102.01451666666665,0,0,102.29753749999999,104.1361,130.441,125.96466666666666,0,0,130.45182142857144,134.6058720930233,119.00435924369748,31.180091529411765,72.36717241379311,7.774453245614035,0,23.28640720588235,21.33771915204678,0,13.418047982456141,83.76665,35.423457086614164,80.4640635802469,95.75924680851062,47.81401235294118,57.8066204861111,66.45227163742689,64.91512455089821,28.469226608187135,97.1531,0,123.2065,92.0197796875,0,0,0,0,0,0,0,87.71105,124.68350000000001,0,0,0,0,0,0,0,0,0,0,0,0,0,0,133.527,0,0,0,0,0,0,0,88.7227625,0,0,82.28186860465118,0,0,87.736825
105.71253333333334,121.59549999999999,126.52166666666666,0,0,0,154.84875,0,134.5360517241379,0,0,0,0,0,0,0,86.89959375,94.83506551724138,66.60337573099416,100.74074999999999,0,110.499,22.087969298245614,93.30742205882352,11.341136286549707,58.50827898550725,44.65627037037036,23.28640720588235,0,11.721664385964912,59.40853218390804,67.36614999999999,0,0,85.15466666666666,0,94.36751944444444,102.19605833333334,76.11092857142857,53.852175,46.08112173913044,0,0,0,0,0,0,0,0,0,0,0,0,0,0,0,0,0,0,0,0,0,0,0,0,0,0,0,0,0,0,0,0,0,0,0,0,0,0,0,0,0,0
100.38157500000001,124.09500000000001,126.48649999999999,0,145.71033333333332,133.071,142.90739285714287,0,126.532,0,0,0,0,0,0,105.32365,49.983394736842115,106.71596250000002,37.15638070175438,109.15549999999999,0,116.430625,38.82518245614035,110.06001052631575,56.253083333333336,0,0,21.33771915204678,11.721664385964912,0,19.341626900584796,14.643964795321637,0,94.64314999999999,0,0,87.42012711864407,100.55205,72.99109999999999,59.90045666666665,0,0,0,0,0,0,0,0,0,0,0,0,0,0,0,0,0,0,0,0,0,0,0,0,0,0,0,0,0,0,0,0,0,0,0,0,0,0,0,0,0,0,0
0,138.47716666666668,0,0,128.99098437499998,116.69187380952381,131.56953703703704,0,110.27472142857144,102.848275,0,0,0,0,0,95.34793333333334,29.656870467836256,0,27.085693567251457,0,0,0,68.05663333333332,0,0,0,0,0,59.40853218390804,19.341626900584796,0,26.642389181286553,0,97.94624444444445,0,0,86.2071608108108,91.31968421052633,0,0,0,0,0,0,0,0,0,0,0,0,0,0,0,0,0,0,0,0,0,0,0,0,0,0,0,0,0,0,0,0,0,0,0,0,0,0,0,0,0,0,0,0,0
43.22569911764706,70.46454852941177,113.82679999999999,78.4665,93.92761346153844,44.62994327731093,0,0,0,29.103560472972973,89.61534,0,0,0,0,34.72967397660819,23.95500614035087,106.71578537414966,88.7125489051095,101.16132333333333,116.77514545454547,121.25033333333333,109.44659457831327,117.12635499999999,0,0,0,13.418047982456141,67.36614999999999,14.643964795321637,26.642389181286553,0,12.976234619883042,27.538677192982455,0,0,52.227632941176466,74.66815,64.33975000000001,70.02621666666667,45.450599999999994,0,0,0,0,0,0,0,0,0,0,138.4565,0,0,0,0,0,0,141.24,0,0,0,0,0,0,0,0,0,0,0,0,0,0,0,0,0,0,0,0,0,0,0,0
99.05567500000001,111.7535,0,0,0,48.694375,0,0,0,33.91633582677164,77.20320000000001,0,0,0,0,23.468919005847955,17.7280216374269,85.71638333333334,0,0,0,0,0,0,0,0,0,83.76665,0,0,0,12.976234619883042,0,16.535083596491226,0,57.81791666666667,44.01113442622951,0,0,0,0,0,0,0,0,0,0,0,0,0,0,0,0,0,0,0,0,125.675,0,0,0,0,0,0,0,0,0,0,0,0,0,0,0,0,0,0,0,0,0,0,0,0,0
13.118892631578948,49.542197904191625,0,0,27.64610497076023,12.807740438596488,0,0,0,19.713585380116953,0,0,0,0,0,25.49062280701754,38.92683421052631,101.28295333333334,97.10086874999999,0,0,0,115.75782857142855,0,0,0,0,35.423457086614164,0,94.64314999999999,97.94624444444445,27.538677192982455,16.535083596491226,0,0,69.99504999999999,27.777225730994147,53.74995,0,0,0,0,0,0,0,0,0,0,0,0,0,0,0,0,0,0,0,0,0,0,0,0,0,0,0,0,0,0,0,0,0,0,0,0,0,0,0,0,0,0,0,0,0
84.71010454545456,82.7240893939394,94.0537165562914,93.12265,81.16851054421768,74.7052125,83.11490177514793,82.71049415204678,77.4031,69.17897975206611,76.8517467032967,0,0,0,62.58633333333333,68.88038300000001,68.34825000000001,86.18223827160493,84.70161428571429,81.08441055045871,92.46158999999999,92.18724375,101.7364568627451,88.1303552631579,84.06007142857142,0,72.28376556886228,80.4640635802469,85.15466666666666,0,0,0,0,0,0,20.956863450292396,49.90385575221239,39.87064545454545,37.13746812865497,26.736403216374267,46.68331988304094,0,0,0,0,0,0,111.56,0,0,0,113.2875,0,0,0,0,0,0,0,0,0,0,0,0,0,0,0,0,0,0,0,0,0,0,0,44.268591176470586,0,0,0,0,0,0,29.84846812865497
52.26194427480916,53.22833,56.26532147058824,54.524704639175255,62.484667701863344,61.18547,55.64172017543859,63.19775953947369,51.444424999999995,61.859864197530854,76.41218333333333,0,0,0,0,75.6354590909091,76.1631,123.722,0,118.476,0,0,0,0,0,0,94.79189062500001,95.75924680851062,0,0,0,0,57.81791666666667,69.99504999999999,20.956863450292396,0,28.671853508771928,30.239896491228073,10.758261169590643,78.73080826771654,76.92899210526315,0,89.66281666666669,92.55983333333333,73.38937222222224,100.66265,0,89.29395833333334,89.351535,0,0,88.65234,0,0,0,0,0,0,0,0,0,0,0,0,0,0,0,0,0,0,0,0,0,0,0,87.3846,71.0589875,0,0,48.09013571428571,0,0,61.30628684210525
53.00555941176471,59.19918294117647,66.12333735294116,59.575096323529415,61.21774730538922,56.653797972972974,65.219299704142,69.28850847953217,56.502793749999995,60.572282748538015,82.31541687500001,55.9277,68.46483333333333,0,104.12915,62.81326403508772,62.354731294964026,88.54036294117648,87.16138282442748,95.26089090909092,103.04294999999999,101.63820500000003,99.61416397515528,103.7308125,84.77031666666666,0,51.86042777777777,47.81401235294118,94.36751944444444,87.42012711864407,86.2071608108108,52.227632941176466,44.01113442622951,27.777225730994147,49.90385575221239,28.671853508771928,0,7.404750321637427,18.06760178362573,64.42599375,31.236308203125,0,0,103.3185,52.2843,0,0,0,109.0645,0,0,112.99199999999999,0,0,0,0,0,0,0,0,0,0,0,0,0,0,0,0,0,0,0,0,0,0,0,0,0,0,0,67.41795,0,0,63.737837234042544
71.4230037037037,72.54144677419355,84.67557717391304,0,70.00347014925373,63.1909,79.15344722222223,77.25009530201342,60.097966666666665,65.10503479532163,80.38407234042553,0,0,0,0,67.0079207602339,72.72545,88.69275416666666,88.17197597402598,90.39758125,0,0,98.35509242424243,0,75.42830000000001,0,54.56821101694914,57.8066204861111,102.19605833333334,100.55205,91.31968421052633,74.66815,0,53.74995,39.87064545454545,30.239896491228073,7.404750321637427,0,32.64556807228916,60.69247272727273,19.88719035087719,0,0,0,0,0,0,0,0,0,0,112.93599999999999,0,0,0,0,0,0,0,0,0,0,0,0,0,0,0,0,0,0,0,0,0,0,0,0,0,0,0,30.937649999999998,0,0,39.11837836257309
52.115090127388534,61.56206015625,61.718795481927714,49.25773023952095,0,94.51175,64.22812835051548,71.45245,0,0,0,34.698072656250005,62.33361730769232,93.24152,131.39175,0,0,133.65449999999998,129.20866666666666,0,0,0,128.09166666666667,112.78233333333333,83.0713,88.38295,69.8611613861386,66.45227163742689,76.11092857142857,72.99109999999999,0,64.33975000000001,0,0,37.13746812865497,10.758261169590643,18.06760178362573,32.64556807228916,0,84.51863496732028,55.000042105263155,65.98326666666667,0,82.46334374999999,62.34599142857142,0,0,0,0,0,0,0,52.61951363636364,0,0,0,0,0,0,0,0,0,0,0,0,0,0,0,89.31495999999999,76.02425,0,0,0,0,0,0,47.975857692307684,40.51944761904762,0,25.137215063291144,0,0,65.7441611111111
94.23792499999999,128.74251999999998,123.02533333333334,0,0,0,0,0,0,0,0,143.2855,102.48445625,68.34124999999999,37.9353875,0,0,90.01383717948718,87.43063823529414,64.7752852071006,75.9313043918919,68.74469006410256,90.0778731707317,51.42554239766082,40.46132690058479,20.38762894736842,25.13284795321637,64.91512455089821,53.852175,59.90045666666665,0,70.02621666666667,0,0,26.736403216374267,78.73080826771654,64.42599375,60.69247272727273,84.51863496732028,0,16.828078070175437,0,0,0,0,0,0,0,0,0,0,0,0,0,0,0,0,0,0,0,0,95.303425,85.40247500000001,0,74.94443333333334,0,0,0,0,0,0,0,0,0,0,0,0,0,0,102.82645,54.33320714285714,0,42.2661
53.001799999999996,119.8536611111111,104.91605833333335,70.7706857142857,0,0,0,0,0,0,0,76.99407727272728,0,0,90.34825000000001,0,0,108.3319625,102.5958,0,0,109.24184444444444,111.50481015625,102.5259375,41.656902734375,43.89902236842105,13.343513187134501,28.469226608187135,46.08112173913044,0,0,45.450599999999994,0,0,46.68331988304094,76.92899210526315,31.236308203125,19.88719035087719,55.000042105263155,16.828078070175437,0,0,0,0,0,0,0,0,0,0,0,0,0,0,0,0,0,0,0,0,0,0,0,0,0,0,0,0,0,0,0,0,0,0,0,0,0,0,0,54.24425,0,0,58.44206516129032
74.5387,97.878175,106.50472599999999,77.00807171717173,0,0,99.568625,0,0,0,0,61.97252777777777,0,0,0,0,0,0,0,0,0,0,0,0,0,0,0,97.1531,0,0,0,0,0,0,0,0,0,0,65.98326666666667,0,0,0,11.010479795321638,25.20167175438596,6.947723040935673,17.07796014619883,42.65601078431374,22.2093565497076,0,0,0,0,41.41357727272728,63.878699999999995,0,0,0,0,0,0,0,0,166.3875,164.63227906976743,144.76227777777777,0,0,35.75925000000001,48.017275438596485,95.185875,103.90474285714285,100.75295,41.795345508982045,0,14.571506315789472,81.00477272727274,50.406623765432094,51.38594444444445,62.46654583333334,48.12101077844312,0,52.77413125,0
94.97215,105.90802941176472,111.275514,99.41516999999999,111.275,0,110.51556052631581,104.9147,0,0,0,0,0,0,0,0,0,0,0,0,0,0,0,0,0,0,0,0,0,0,0,0,0,0,0,89.66281666666669,0,0,0,0,0,11.010479795321638,0,65.87552368421053,0,10.656765467836257,50.74172935779817,24.376736637426898,87.25915,0,0,0,0,0,0,0,0,0,0,0,0,0,168.7485,174.61012499999998,153.04591666666664,0,0,0,102.421690625,0,140.251125,140.5945,62.499982236842094,0,54.922280937500005,82.81551041666667,56.36149588235295,57.925294117647056,68.85111554621847,64.61675749999999,141.5799,0,114.4051
102.3481625,110.54510344827588,93.68201705882353,73.35049298245615,124.412,0,116.31283333333334,111.9543738410596,0,0,0,89.07577115384616,115.7625,0,0,0,0,0,0,0,0,0,0,0,0,0,0,123.2065,0,0,0,0,0,0,0,92.55983333333333,103.3185,0,82.46334374999999,0,0,25.20167175438596,65.87552368421053,0,15.719081081871346,0,0,11.876191842105262,31.628226198830404,0,0,0,86.91669745762712,84.72890000000001,107.5932,150.953,0,0,0,0,157.8715,0,179.40324999999999,187.77765217391303,170.1887941176471,0,0,82.3506,123.34565238095237,0,133.3285,0,116.601125,0,78.91995,95.88540738255033,59.26522514619882,68.70016946107785,81.08412357142858,66.1841940625,0,0,0
68.2944351851852,102.37963000000002,93.43686911764705,25.64224093567252,0,0,106.71264999999998,75.82067428571429,0,0,0,36.3523230994152,72.29323529411765,116.47487500000001,0,0,0,0,0,0,0,0,0,0,0,0,0,92.0197796875,0,0,0,0,0,0,0,73.38937222222224,52.2843,0,62.34599142857142,0,0,6.947723040935673,0,15.719081081871346,0,0,0,0,20.004876666666668,0,0,0,12.149345672514618,58.38095928571428,96.43743142857146,132.02856,0,0,0,0,139.734125,0,0,0,0,0,0,89.21115,83.79943,0,0,0,0,0,53.06725,94.36189999999999,50.66883151515152,65.60507674418604,0,45.44659147058823,0,66.9333625,0
0,115.228,121.562,0,117.01587500000001,0,114.05264285714286,111.39680000000001,0,0,0,0,0,0,0,0,0,0,0,0,0,0,0,0,0,0,0,0,0,0,0,0,0,0,0,100.66265,0,0,0,0,0,17.07796014619883,10.656765467836257,0,0,0,14.099981900584794,16.983101198830408,83.1593653846154,66.609575,75.69122222222222,0,0,0,0,0,0,106.67220714285715,0,131.80875000000003,0,0,0,162.05390000000003,0,0,0,0,100.58993333333333,154.43758333333335,140.14081249999998,124.89193589743587,101.78926779661018,93.66355,27.355207309941516,81.83004875776398,65.41657549019608,58.59037329192547,65.01334552845529,0,138.09666666666666,0,110.1944
0,0,0,0,0,117.525875,113.80166500000001,111.00214285714284,110.41089473684208,0,0,0,0,0,0,0,0,0,0,0,0,0,0,0,0,0,0,0,0,0,0,0,0,0,0,0,0,0,0,0,0,42.65601078431374,50.74172935779817,0,0,14.099981900584794,0,20.32531307017544,81.43842061403508,24.933581578947365,13.910222017543854,0,0,0,0,0,62.28521764705882,85.79489800000002,0,108.09605,0,0,0,0,0,0,0,0,0,134.77036111111107,128.66197101449276,109.62519328358209,64.95366482758621,73.1267875,14.759521608187132,79.80100000000002,60.2789745614035,61.80197375,66.72113125000001,0,0,0,0
0,108.67763125000002,117.37098165137617,105.89686428571429,111.76373695652174,118.47407142857142,109.67512049689441,109.85653788819876,111.652,0,0,92.99005,0,0,0,0,0,0,0,0,0,0,0,0,0,0,0,0,0,0,0,0,0,0,111.56,89.29395833333334,0,0,0,0,0,22.2093565497076,24.376736637426898,11.876191842105262,0,16.983101198830408,20.32531307017544,0,29.01804035087719,26.339775146198832,76.57513898305085,0,0,0,0,0,0,125.81049999999999,157.727,139.55673913043478,0,0,0,166.6776052631579,0,193.3,0,0,0,153.14838888888886,142.41941891891892,130.95196428571427,0,0,77.5753125,85.60085579268292,57.59361725146198,65.83227724550898,75.92827253521128,66.73487424242425,0,0,0
0,107.0095,119.45410405405407,78.75903278688526,0,111.66873529411764,110.94581480263159,63.95882748538012,106.06388876811594,111.21325483870967,86.29686764705883,53.42209918032787,46.5531544117647,60.02594000000001,0,0,0,0,0,0,0,0,0,0,0,0,0,0,0,0,0,0,0,0,0,89.351535,109.0645,0,0,0,0,0,87.25915,31.628226198830404,20.004876666666668,83.1593653846154,81.43842061403508,29.01804035087719,0,17.36022657894737,41.13659561403509,24.13138362573099,15.427443362573099,14.850576023391815,24.471391988304088,114.64071519607843,0,0,0,0,113.70210299999997,134.48316666666665,0,173.41,0,0,140.20625,0,0,0,0,0,0,0,83.92511,85.25569269005848,61.786357530120476,68.413015497076,74.91813253012049,75.00659999999999,0,0,122.74117857142855
0,0,0,0,0,113.09829310344828,112.38703571428573,104.6677996183206,104.57017749999997,109.38753863636366,0,0,0,0,0,0,0,0,0,0,0,0,0,0,0,0,0,0,0,0,0,0,0,0,0,0,0,0,0,0,0,0,0,0,0,66.609575,24.933581578947365,26.339775146198832,17.36022657894737,0,16.651242426900584,0,0,0,0,0,71.390525,87.84006666666666,94.17865178571428,104.76072068965519,0,0,0,121.95657045454546,0,140.00975,0,0,0,125.35117039473685,119.6423294871795,107.50588235294117,0,0,0,0,50.62263695652173,59.64612500000001,64.13982,89.21350000000001,0,0,0
0,0,0,0,0,0,0,109.84074375,110.72636759259261,115.6291102362205,110.05902,0,0,0,0,0,0,0,0,0,0,0,0,0,0,0,0,0,0,0,0,0,0,0,0,0,0,0,0,0,0,0,0,0,0,75.69122222222222,13.910222017543854,76.57513898305085,41.13659561403509,16.651242426900584,0,33.129820175438596,0,0,0,0,14.15723505847953,62.380601923076924,79.81755,97.46934999999999,0,0,0,118.536,0,0,0,0,0,126.34799999999998,125.33316666666667,100.75938333333335,31.591001470588232,22.8228949704142,18.956623976608185,71.18951022727273,56.66819496855348,63.60555935672515,66.2384105882353,0,84.6421,0,107.87711683673467
0,0,0,0,0,0,0,89.31536739130435,107.27184,110.54959941520467,72.81209824561404,0,0,63.06802111801243,79.8597,117.7814396694215,125.26700000000001,130.8295,0,88.06300625,0,0,0,0,0,0,0,0,0,0,0,138.4565,0,0,113.2875,88.65234,112.99199999999999,112.93599999999999,0,0,0,0,0,0,0,0,0,0,24.13138362573099,0,33.129820175438596,0,96.28869999999999,67.0185018987342,12.169729473684209,0,31.652299101796412,88.3153625,38.772255660377354,0,21.091570175438598,0,0,0,0,0,0,0,0,0,0,0,0,0,0,80.07438,67.86954772727273,84.89606172839505,81.22917500000001,0,0,0,119.04331896551726
0,0,98.8019175,32.90102719298246,0,0,0,46.27394731543623,0,0,0,14.888636900584794,28.562016959064326,78.56702847222222,116.49035529411765,0,0,0,0,130.53877777777777,0,0,0,0,0,0,0,87.71105,0,0,0,0,0,0,0,0,0,0,52.61951363636364,0,0,41.41357727272728,0,86.91669745762712,12.149345672514618,0,0,0,15.427443362573099,0,0,96.28869999999999,0,18.007979883040935,66.46559911242603,106.17403018292684,0,0,0,0,117.11855110294117,133.8496458333333,137.8295,0,141.7485,0,152.6135,173.01175,83.66535714285715,0,0,0,0,0,0,0,43.908783333333325,0,0,29.720933841463417,0,72.7209,0
0,0,0,78.34059285714284,0,0,0,48.29201451612903,0,0,72.06595,42.53196081871344,10.694894356725145,37.672135380116956,86.51689181034483,0,0,0,0,97.31652465753423,112.4876,0,0,0,0,0,0,124.68350000000001,0,0,0,0,0,0,0,0,0,0,0,0,0,63.878699999999995,0,84.72890000000001,58.38095928571428,0,0,0,14.850576023391815,0,0,67.0185018987342,18.007979883040935,0,23.324991812865495,70.77844883040936,0,0,0,0,85.30571842105263,104.32115344827585,101.09426250000001,0,111.67349999999999,0,119.19429166666666,145.43375,111.02603000000002,0,0,0,0,0,0,0,52.64959999999999,74.91412500000001,0,52.85647870967742,106.38938333333334,0,0
0,0,0,114.75694999999999,0,0,0,56.133545833333336,0,97.74595000000001,63.467699107142856,91.64710963855423,47.36322134502924,13.00067923976608,31.90683713450292,0,0,0,0,53.32144000000001,77.3054125,0,0,0,0,0,0,0,0,0,0,0,0,0,0,0,0,0,0,0,0,0,0,107.5932,96.43743142857146,0,0,0,24.471391988304088,0,0,12.169729473684209,66.46559911242603,23.324991812865495,0,19.05911374269006,0,0,0,0,32.99010058479532,73.2848777777778,69.75973125,0,79.1314,0,88.498175,0,0,0,0,0,0,0,0,0,68.45565,0,0,89.99460360360362,70.43764999999999,0,0
0,0,0,0,0,0,0,0,0,0,0,124.17718918918918,91.86838169014085,40.165960062893085,14.127644064327484,0,0,0,0,43.263221646341464,59.456448333333334,45.3773,0,0,0,0,0,0,0,0,0,0,0,0,0,0,0,0,0,0,0,0,0,150.953,132.02856,0,0,0,114.64071519607843,0,0,0,106.17403018292684,70.77844883040936,19.05911374269006,0,0,0,71.58015,0,14.492639561403509,45.93771169590643,31.224384210526317,0,9.272975730994153,58.66292285714285,23.339669590643272,56.59507797619047,84.07233,0,0,0,108.382,0,0,83.61243461538461,0,0,0,129.6859396551724,32.08564115853659,78.49333333333333,0
0,0,0,0,0,0,0,0,0,120.95442857142855,116.010074122807,0,0,0,0,124.34441666666665,121.46,0,0,0,0,0,0,0,0,0,0,0,0,0,0,0,0,0,0,0,0,0,0,0,0,0,0,0,0,0,62.28521764705882,0,0,71.390525,14.15723505847953,31.652299101796412,0,0,0,0,0,13.994924736842105,18.849980116959063,62.9506,0,0,0,0,0,0,0,0,97.50903333333333,0,0,0,29.49357894736842,16.078206111111108,23.208787426900585,69.438362,64.9527072463768,63.544788888888874,66.96670380116959,0,84.0000125,0,101.4881268939394
0,0,0,0,0,0,0,0,0,0,113.45228571428571,0,0,0,0,123.9841153846154,126.041,0,0,0,0,0,0,0,0,0,0,0,0,0,0,0,125.675,0,0,0,0,0,0,0,0,0,0,0,0,106.67220714285715,85.79489800000002,125.81049999999999,0,87.84006666666666,62.380601923076924,88.3153625,0,0,0,0,13.994924736842105,0,31.14758011695906,16.041191520467834,85.89405833333333,0,0,0,0,0,0,0,0,86.91207647058825,55.59169093567251,30.56558040935673,21.863319590643275,20.310173391812864,35.2409894736842,65.01508076923078,72.2773875,64.63120729166667,69.00911800000002,0,0,93.09535,93.04783333333333
0,0,0,0,0,0,0,0,0,0,119.01799999999999,0,0,0,0,0,129.11436666666665,134.81003153153154,135.13316666666665,123.59409797297299,111.38245,0,0,0,0,0,0,0,0,0,0,141.24,0,0,0,0,0,0,0,0,0,0,0,0,0,0,0,157.727,0,94.17865178571428,79.81755,38.772255660377354,0,0,0,71.58015,18.849980116959063,31.14758011695906,0,16.119813157894736,24.94543421052632,22.357501754385964,49.34881419753086,32.09454210526315,69.83859545454547,87.29138,0,0,0,101.65655384615387,0,73.61265,113.01158333333333,89.60396666666665,92.83155789473683,86.59445426829268,0,87.2241532738095,85.52897807017543,0,91.83496666666667,111.35677000000001,117.18423181818184
0,0,0,0,0,0,0,0,0,0,0,0,0,0,0,0,0,0,0,0,0,0,0,0,0,0,0,0,0,0,0,0,0,0,0,0,0,0,0,0,0,0,0,0,0,131.80875000000003,108.09605,139.55673913043478,0,104.76072068965519,97.46934999999999,0,0,0,0,0,62.9506,16.041191520467834,16.119813157894736,0,61.43217613636364,66.47722499999999,0,19.75328596491228,0,78.56399222222223,90.595475,0,138.94,71.09845555555555,51.763585964912274,24.464167836257307,95.32820581395349,84.2607,94.9139,86.12595909090909,0,90.58274150000001,90.78858823529413,0,0,98.77584705882354,0
0,0,0,0,0,0,0,0,0,0,96.07176111111109,0,104.08629032258065,62.51445942622951,44.48289202453988,0,129.07,122.90215584415586,115.63499999999999,44.51275555555555,70.55408194444445,63.63538709677419,122.571625,0,0,0,0,0,0,0,0,0,0,0,0,0,0,0,0,0,0,0,0,157.8715,139.734125,0,0,0,113.70210299999997,0,0,21.091570175438598,117.11855110294117,85.30571842105263,32.99010058479532,14.492639561403509,0,85.89405833333333,24.94543421052632,61.43217613636364,0,12.109154824561404,14.298100058479529,72.07265802469135,18.25655453216374,0,59.47674645669293,90.1265588235294,0,96.59182499999999,0,0,105.325525,0,0,81.57721529850747,103.4041,95.321372,89.82560000000001,143.30015,65.83435833333333,0,117.35491666666667
0,0,0,0,0,0,0,0,0,0,0,0,116.4915,91.8738,60.17625,0,0,140.36443478260867,0,91.86658407079646,32.10322339181287,27.446395701754383,145.27521666666667,70.33267249999999,0,0,0,0,0,0,0,0,0,0,0,0,0,0,0,95.303425,0,0,0,0,0,0,0,0,134.48316666666665,0,0,0,133.8496458333333,104.32115344827585,73.2848777777778,45.93771169590643,0,0,22.357501754385964,66.47722499999999,12.109154824561404,0,18.734937134502925,33.44357368421053,41.47257192982457,82.785325,78.671218,110.70094062499999,139.772,105.6955,0,0,119.61992857142857,0,0,92.51501529411765,0,98.7205,0,0,79.6841159090909,111.3245,0
0,0,0,0,0,0,0,0,0,0,0,0,0,0,39.8728,0,0,132.99108333333334,0,97.30338384615386,56.83168216374269,25.897902339181286,132.52686486486488,59.15187739726027,0,0,0,0,0,0,0,0,0,0,0,0,0,0,0,85.40247500000001,0,166.3875,168.7485,179.40324999999999,0,0,0,0,0,0,0,0,137.8295,101.09426250000001,69.75973125,31.224384210526317,0,0,49.34881419753086,0,14.298100058479529,18.734937134502925,0,22.90870140350877,15.670917719298243,68.12298207547168,60.23954566666665,92.25157177419354,133.13225,106.98266666666666,120.69983333333334,0,122.85650000000001,0,0,93.70049558823528,0,111.24766666666666,0,133.321,63.56964160839159,112.34430454545453,0
0,0,0,0,0,0,0,0,0,0,0,0,0,0,0,0,0,151.81363636363636,0,138.4745,144.69473061224488,74.12022307692307,162.0378875,59.11627,0,0,0,0,0,0,0,0,0,0,0,0,0,0,0,0,0,164.63227906976743,174.61012499999998,187.77765217391303,0,162.05390000000003,0,166.6776052631579,173.41,121.95657045454546,118.536,0,0,0,0,0,0,0,32.09454210526315,19.75328596491228,72.07265802469135,33.44357368421053,22.90870140350877,0,28.45930555555555,36.674333625730995,81.61258805970148,114.03002272727272,140.216,28.692002339181283,40.92806725146198,52.37826166666666,119.11686729559747,0,116.68075000000002,104.80833193548388,154.564,107.06340294117648,103.30706666666666,144.26469230769231,94.5663125,114.69669082568808,0
0,0,0,0,0,0,0,0,0,0,0,0,0,0,0,0,0,0,0,0,79.06358010752687,32.663291916167665,122.27274999999999,22.63168628654971,0,0,0,0,0,0,0,0,0,0,0,0,0,0,0,74.94443333333334,0,144.76227777777777,153.04591666666664,170.1887941176471,0,0,0,0,0,0,0,0,141.7485,111.67349999999999,79.1314,9.272975730994153,0,0,69.83859545454547,0,18.25655453216374,41.47257192982457,15.670917719298243,28.45930555555555,0,13.195457339181287,20.525109941520466,71.13348,112.30905803571427,92.18849999999998,98.69656666666666,0,119.144125,0,0,89.06623333333334,139.9315,106.69637,0,123.04834166666667,47.737829411764714,95.11717500000002,0
0,0,0,0,0,0,0,0,0,0,0,0,0,0,0,0,0,0,0,0,0,0,0,0,0,0,0,0,0,0,0,0,0,0,0,0,0,0,0,0,0,0,0,0,0,0,0,193.3,0,140.00975,0,0,0,0,0,58.66292285714285,0,0,87.29138,78.56399222222223,0,82.785325,68.12298207547168,36.674333625730995,13.195457339181287,0,11.759185935672514,11.805388625730993,25.628730087719298,12.341185321637429,66.5264375,0,0,0,0,83.92767500000001,0,0,0,95.16968333333332,41.892830701754384,46.594555,0
0,0,0,0,0,0,0,0,0,0,0,0,0,0,0,0,0,0,0,0,0,0,0,0,0,0,0,0,0,0,0,0,0,0,0,0,0,0,0,0,0,0,0,0,0,0,0,0,140.20625,0,0,0,152.6135,119.19429166666666,88.498175,23.339669590643272,0,0,0,90.595475,59.47674645669293,78.671218,60.23954566666665,81.61258805970148,20.525109941520466,11.759185935672514,0,14.9410966374269,58.84431456692913,55.00326636363637,0,0,0,0,0,87.31568333333333,0,0,0,81.13725,21.090073099415203,42.85387554347825,0
0,0,0,0,0,0,0,0,0,0,0,0,0,0,0,0,0,0,0,0,0,0,0,0,0,0,0,0,0,0,0,0,0,0,0,0,0,0,0,0,0,35.75925000000001,0,82.3506,89.21115,0,0,0,0,0,0,0,173.01175,145.43375,0,56.59507797619047,0,0,0,0,90.1265588235294,110.70094062499999,92.25157177419354,114.03002272727272,71.13348,11.805388625730993,14.9410966374269,0,8.059803040935671,45.17840520833333,0,0,0,0,37.63082619047619,75.47609182389937,96.82419999999999,55.1689,0,67.60674550561797,25.200275730994147,14.29446581871345,0
0,0,0,106.46683333333331,0,0,0,0,0,0,0,0,0,0,0,0,0,0,0,0,0,0,0,0,0,0,0,133.527,0,0,0,0,0,0,0,0,0,0,89.31495999999999,0,0,48.017275438596485,102.421690625,123.34565238095237,83.79943,100.58993333333333,0,0,0,0,0,0,83.66535714285715,111.02603000000002,0,84.07233,97.50903333333333,0,0,138.94,0,139.772,133.13225,140.216,112.30905803571427,25.628730087719298,58.84431456692913,8.059803040935671,0,20.70127713450292,18.94821097058823,0,15.712710906432749,85.02096666666665,38.285320731707316,80.10224298245615,99.67645597826086,58.90351986301369,62.8606,70.80947426900585,56.429619005847954,28.613403508771928,90.0724
