0,0.10286245273654343,0.015902776503677746,0.11498333367536268,0.032874306191604724,0.04418400828642912,0.005530996003413041,0.00031725035972469197,0.00013368985116276078,0,0,0.0009945596009358847,0.0010170129661828079,0.0013377427998414123,0.002291560140311666,0.002997632579804068,0,0.0008801857992434533,0.0003140744231720506,0,0,0,0,0,0,0.00005941769731855233,0,0,0,0.0003991793912387892,0.00005049232224425174,0,0,0.0001516939253368447,0.00023181686612918652,0.0012460411103906387,0,0.00004943155078986978,0,0,0,0,0,0.000043734963624539516,0,0,0.000041718811235232353,0,0,0,0,0,0,0,0,0,0,0,0,0,0,0,0,0,0,0,0,0,0,0,0,0,0,0,0,0,0,0,0,0,0.0036875444786915257,0.00034433298324223544,0,0.000054215246870697,0,0,0,0.00009719551491848846,0.00002228164025068533,0.00010729328766961342,0,0,0,0,0,0,0,0,0,0,0,0,0,0,0,0,0,0,0,0,0,0,0,0,0,0,0,0,0,0,0,0,0,0,0,0,0,0,0,0,0,0,0,0,0,0,0,0,0,0,0,0,0,0,0,0,0,0,0,0,0,0,0,0,0,0,0,0,0,0,0,0,0,0,0,0,0,0,0,0,0,0,0,0,0,0,0,0,0,0,0,0,0,0,0,0,0,0,0,0,0,0,0,0,0,0,0,0,0,0,0,0,0,0,0,0,0,0,0,0,0,0,0,0,0,0,0.00004357296935891772,0,0.00009803921568627449,0.00009970090375441512,0,0.03187439922394699,0.004428624706343602,0,0.014307106157890983,0.11219387396706315,0.00012928242260954465,0.008502742971982467,0,0.002129111863432548,0,0,0,0,0,0,0,0,0,0,0,0,0,0,0,0,0,0,0,0,0,0,0,0,0,0,0,0,0,0,0,0,0,0,0,0,0,0,0,0,0,0,0,0,0,0,0,0,0,0,0,0,0,0,0,0,0,0,0,0,0,0,0,0,0,0,0,0,0,0,0,0,0,0,0,0,0,0,0,0,0,0,0,0,0,0,0,0,0,0,0,0,0,0,0,0,0,0,0,0,0,0,0,0,0,0,0,0,0,0,0,0,0,0,0,0,0,0,0,0,0,0,0,0,0,0,0,0,0,0,0,0,0,0,0,0,0,0,0,0,0,0,0,0,0,0,0,0,0,0,0,0,0,0,0,0,0,0,0,0,0,0,0,0,0,0,0,0,0,0,0,0,0,0,0,0,0,0,0,0,0,0,0,0,0,0,0,0,0,0,0,0,0,0,0,0,0,0,0,0,0,0,0,0,0,0,0,0,0,0,0,0,0,0,0,0,0,0,0,0,0,0,0,0,0,0,0,0,0,0,0,0,0
0.10286245273654343,0,0.03314190297591692,0.17855237050893785,0.019195402589516873,0.47172176182658626,0.14449791789477584,0.04335716160870312,0.029481152271997053,0.00024132724113873892,0.00033414558302530164,0.06260387873374743,0.012982026984089103,0.0029494571601203453,0.007586394491406256,0.10658137345627451,0.010845317949314317,0.03835563640366142,0.03588097302204404,0.0008311017299182726,0.0014296352734012201,0,0.0032699775309272218,0.0014939309532442052,0.0006940830027906689,0.040488920827960476,0.00127569084433821,0.020823757814542633,0.11122015095837932,0.0768243500521292,0.16008057963985126,0.005868052869787027,0.01882714817673434,0.026796211551296183,0.2598794142117389,0.062417193795925696,0.00784097781236625,0.030367893787093102,0.0014414867958081605,0.006385272720919553,0.0006278695157590081,0.0027094584581934685,0.00044622309346892573,0.000050062566032969705,0.00004278072492555522,0,0,0,0.00004231906964816415,0,0,0.000023911996039090882,0,0.00008757845183127004,0,0.00005275652591303703,0.0032905553149059734,0.0005245757847890944,0,0,0,0,0.0001055130653629738,0,0.00020730758069619347,0,0,0,0,0,0.000027296285405956295,0,0,0,0,0,0,0,0.000017199871609821525,0.00010859728251866069,0.07375582142946029,0.05881861872847605,0.006939441813087035,0,0.00010719545680404537,0.000057954229237905,0,0,0.0002230276480511332,0,0,0,0,0,0,0,0,0,0,0.00002698325715162523,0.00005092945764790814,0,0,0.00010434332825538482,0,0,0,0,0,0,0,0.00018472547901100518,0.0006901994549163144,0.0000258564834379545,0,0,0,0,0.000021468449162302663,0,0,0,0,0,0,0.000025084663994446495,0,0,0,0,0,0,0,0,0,0,0,0,0,0,0,0,0,0.00002100840193033473,0,0,0.000022668027748023308,0,0,0,0,0,0,0,0,0,0,0,0,0,0,0,0,0,0,0,0,0,0,0,0,0,0,0,0,0,0,0,0,0,0,0,0,0,0,0,0,0,0,0,0,0,0,0,0,0,0,0,0,0,0,0,0,0,0,0,0,0,0,0,0,0,0,0,0,0,0.000060100669205708837,0.00043522606238372594,0.0012316673287580215,0.00007590132360335463,0,0.011349876119539111,0.04349962709738199,0.0003154076170959481,0.06717653837430886,0.6745566754911253,0.0024113665958311824,0.017203152739041615,0.000028977111896316696,0.0012580354694526272,0,0,0,0,0,0,0,0,0,0,0,0,0,0,0,0,0,0,0,0,0,0,0,0,0,0.00004473272003966423,0,0,0,0,0,0,0,0,0,0,0,0,0,0,0,0,0,0,0,0,0,0,0,0,0,0,0,0,0,0,0,0,0,0,0,0,0,0,0,0,0,0,0,0,0,0,0,0,0,0,0,0,0,0,0.0002019692641768173,0,0,0,0,0,0,0,0,0,0,0,0,0,0,0,0,0,0,0,0,0,0,0,0,0,0,0,0,0,0,0,0,0,0,0,0,0,0,0,0,0,0,0,0,0,0,0,0,0,0,0,0,0,0,0,0,0,0,0,0,0,0,0,0,0,0,0,0,0,0,0,0,0,0,0,0,0,0,0,0,0,0,0,0,0,0,0,0,0,0,0,0,0,0,0,0,0,0,0,0,0,0,0,0,0,0,0,0,0,0,0,0,0,0,0,0,0,0,0,0,0,0,0,0,0,0,0,0,0,0,0,0,0,0,0,0,0,0,0,0,0,0,0,0,0,0.002325658507026769,0,0,0.00006800410573652715,0,0,0
0.015902776503677746,0.03314190297591692,0,0.01323592547543855,0.0021036230655470346,0.06036536912399653,0.0017611026368050692,0.05792744277215113,0.015154352728856133,0,0,0,0,0,0.00045688187208494757,0.04033958784736043,0.00018527096155992318,0.023641502397005548,0.0021949374885031716,0,0,0,0.000043094158934737676,0,0,0.00012928244970699155,0,0,0,0.00020371783059185304,0,0,0,0.0003724271149518546,0.0003763032810851331,0.0006110401063818366,0,0,0,0,0,0,0,0,0,0,0,0,0,0,0,0,0,0,0,0,0,0,0,0,0,0,0,0,0,0,0,0,0,0,0,0,0,0,0,0,0,0,0,0.000049745077446856856,0,0,0,0,0,0,0,0,0,0,0,0,0,0,0,0,0,0,0,0,0,0,0,0,0,0,0,0,0,0,0,0,0,0,0,0,0,0,0,0,0,0,0,0,0,0,0,0,0,0,0,0,0,0,0,0,0,0,0,0,0,0,0,0,0,0,0,0,0,0,0,0,0,0,0,0,0,0,0,0,0,0,0,0,0,0,0,0,0,0,0,0,0,0,0,0,0,0,0,0,0,0,0,0,0,0,0,0,0,0,0,0,0,0,0,0,0,0,0,0,0,0,0,0,0,0,0,0,0,0,0,0,0,0,0,0,0,0,0,0,0,0.0035860332693572546,0.0006920415224905352,0,0.0036049433196566495,0.0938895901185492,0.00006849903358359142,0.0014729489635465721,0,0.0003742251786335522,0,0,0,0,0,0,0,0,0,0,0,0,0,0,0,0,0,0,0,0,0,0,0,0,0,0,0,0,0,0,0,0,0,0,0,0,0,0,0,0,0,0,0,0,0,0,0,0,0,0,0,0,0,0,0,0,0,0,0,0,0,0,0,0,0,0,0,0,0,0,0,0,0,0,0,0,0,0,0,0,0,0,0,0,0,0,0,0,0,0,0,0,0,0,0,0,0,0,0,0,0,0,0,0,0,0,0,0,0,0,0,0,0,0,0,0,0,0,0,0,0,0,0,0,0,0,0,0,0,0,0,0,0,0,0,0,0,0,0,0,0,0,0,0,0,0,0,0,0,0,0,0,0,0,0,0,0,0,0,0,0,0,0,0,0,0,0,0,0,0,0,0,0,0,0,0,0,0,0,0,0,0,0,0,0,0,0,0,0,0,0,0,0,0,0,0,0,0,0,0,0,0,0,0,0,0,0,0,0,0,0,0,0,0,0,0,0,0,0,0,0,0,0,0,0,0,0,0,0,0,0,0,0
0.11498333367536268,0.17855237050893785,0.01323592547543855,0,0.13215679946124614,0.09668553616859857,0.09377024824211347,0.0071892091676273836,0.0031866879449633685,0.0007248316670515166,0.0015758815916388084,0.04824249669327645,0.049022578081168555,0.03769996939409914,0.0243178769564878,0.06657427448764151,0.00023847370334563258,0.0096536317806695,0.005120044253602126,0.0002679208955396536,0,0,0.00043669255669593336,0.00007577911508408547,0,0.0017872926146946877,0,0,0.0004453515243312282,0.0003854752997062811,0.00041712775773122937,0.00003699592467826428,0.0003229104909570044,0.009622834665115017,0.009462638260857005,0.013429674177385546,0.0013456361441549298,0.0030986114111374533,0.00006033183684016164,0.00014260249004886678,0.0002262846075306936,0,0.00006694001301169057,0.00003095974299812893,0.00011459127970779333,0,0.00008912657710072314,0,0.0001166747837945514,0,0,0,0.0000305576957830116,0,0,0,0.00011883540735652584,0.00014986891511636815,0,0,0,0,0,0,0,0,0,0,0,0,0,0,0,0,0,0,0,0.00002060368998720316,0,0,0.03330255165345852,0.004407365636792862,0.0012120231485906246,0.0006343584519976389,0.0007664194843504013,0.0002465041342175597,0.00020888507321254612,0.0004525080195358024,0.000760557707742026,0.0005044505591835235,0.00007378884149405467,0,0,0,0,0,0,0,0,0,0,0,0,0,0,0,0,0,0,0,0,0,0,0,0,0,0,0,0,0,0,0,0,0,0,0,0,0,0,0,0,0,0,0,0,0,0,0,0,0,0,0,0,0,0,0,0.000046363386875458295,0,0,0,0,0,0,0,0,0,0,0,0,0,0,0,0,0,0,0,0,0,0,0,0,0,0,0,0,0,0,0,0,0,0,0,0,0,0,0,0,0,0,0,0,0,0,0.000028905897170636612,0,0,0,0,0,0,0,0,0,0,0,0,0,0,0,0,0,0,0,0,0,0,0.00003400203787316271,0,0.00011534030982543379,0,0.0001527884344448664,0.03485120357685779,0.008539562471740552,0,0.1356496199206567,0.7452765584540366,0.0005632414436416107,0.06794731639724745,0.00009317347890286343,0.0013780035831751631,0,0,0,0,0,0,0,0,0,0,0,0,0,0,0,0,0,0,0,0,0,0,0,0,0,0,0,0,0,0,0,0,0,0,0,0,0,0,0,0,0,0,0,0,0,0,0,0,0,0,0,0,0,0,0,0,0,0,0,0,0,0,0,0,0,0,0,0,0,0,0,0,0,0,0,0,0,0,0,0.00018169428863682862,0,0,0,0,0,0,0,0,0,0,0,0,0,0,0,0,0,0,0,0,0,0,0,0,0,0,0,0,0,0,0,0,0,0,0,0,0,0,0,0,0,0,0,0,0,0,0,0,0,0,0,0,0,0,0,0,0,0,0,0,0,0,0,0,0,0,0,0,0,0,0,0,0,0,0,0,0,0,0,0,0,0,0,0,0,0,0,0,0,0,0,0,0,0,0,0,0,0,0,0,0,0,0,0,0,0,0,0,0,0,0,0,0,0,0,0,0,0,0,0,0,0,0,0,0,0,0,0,0,0,0,0,0,0,0,0,0,0,0,0,0,0,0,0,0,0,0.0002440388814705739,0,0.000036764710265051074,0.00006572459425846513,0,0,0
0.032874306191604724,0.019195402589516873,0.0021036230655470346,0.13215679946124614,0,0.04332069561648175,0.12374704227260842,0.0004140073215457423,0.0007038710884321621,0.00475968673414324,0.010933407613073333,0.14284729112556477,0.035915401546396414,0.019390070666777205,0.030685492392313052,0.012929023466586188,0.00023277236669028744,0.0022905120709632754,0.00485641095633257,0.0000537201144412681,0.00017617697562395332,0.000031289112659025295,0.00004357298167134694,0.001985936801467101,0,0.00039852218601861805,0,0.0013556430407539112,0.00040743567800409557,0.00016746908082129462,0.0060055989777031485,0.0009177017016248151,0.0017609200342600096,0.03186793677481451,0.03219692230841785,0.04003517555701875,0.004943138028779649,0.020495496961382472,0.0004393830773277366,0.0002809146637560207,0.0024897035113934838,0.0005831020335105297,0.0010401138452313789,0.00034835450680435087,0.0005792553090372203,0.00003179651221939891,0.00019768921619355958,0.00003162557225696201,0.00022378514768220482,0,0,0.00004739054869281505,0,0,0.00005484712147389263,0,0.00025430656649509057,0.00024085676683678053,0,0,0,0,0,0,0,0,0,0,0,0,0.00016641626349851203,0,0.000039645179245082865,0,0,0,0,0.000021586628385416987,0,0.00002053178686085726,0.02199110145719687,0.0074749658398247185,0.0002456667426012336,0,0.0000899786740470577,0.0001642541746005491,0.000154460060971723,0.0001909510396470974,0.00009294041270384468,0.00011171235083893842,0,0,0,0,0,0,0,0,0,0,0,0.00001798883810106973,0,0.00004494635479831682,0,0,0,0,0,0,0,0,0,0.00003400206411449963,0,0,0,0,0.00001785236676185856,0,0.000015219575840401663,0,0,0,0,0,0,0,0,0,0,0,0,0,0,0,0,0,0,0,0,0,0,0.000017455066673652122,0,0.000015082971012506211,0,0,0,0,0,0,0,0,0,0,0,0,0,0,0,0,0,0,0,0,0,0,0,0,0,0,0,0,0,0,0,0,0,0,0,0,0,0,0,0,0,0,0,0,0.0000690236940169865,0,0,0,0,0,0,0,0,0,0,0,0,0,0,0,0,0,0,0,0,0,0,0,0,0,0,0,0,0,0,0.005864336690548847,0.0015174082788793485,0,0.1738057068960731,0.38561229111115475,0.00005299415971380986,0.061521248631244266,0.0000575135216240724,0.00008650520608303513,0,0,0,0,0,0,0,0,0,0,0,0,0,0,0,0,0,0,0,0,0,0,0,0,0,0,0,0,0,0,0,0,0,0,0,0,0,0,0,0,0,0,0,0,0,0,0,0,0,0,0,0,0,0,0,0,0,0,0,0,0,0,0,0,0,0,0,0,0,0,0,0,0,0,0,0,0,0,0,0,0,0,0,0,0,0,0,0,0,0,0,0,0,0,0,0,0,0,0,0,0,0,0,0,0,0,0,0,0,0,0,0,0,0,0,0,0,0,0,0,0,0,0,0,0,0,0,0,0,0,0,0,0,0,0,0,0,0,0,0,0,0,0,0,0,0,0,0,0,0,0,0,0,0,0,0,0,0,0,0,0,0,0,0,0,0,0,0,0,0,0,0,0,0,0,0,0,0,0,0,0,0,0,0,0,0,0,0,0,0,0,0,0,0,0,0,0,0,0,0,0,0,0,0,0,0,0,0,0,0,0,0,0,0,0,0,0,0,0,0,0,0,0,0,0,0,0,0,0,0,0,0,0
0.04418400828642912,0.47172176182658626,0.06036536912399653,0.09668553616859857,0.04332069561648175,0,0.23832939798637134,0.07300086172413325,0.11622403185503191,0.0013917802671820835,0.003051223947362633,0.0885991661188103,0.032689207768133416,0.0059538972292349805,0.009777633240276251,0.6287978646626569,0.035551839656501175,0.242305200369464,0.27996429522685357,0.0025917308730242753,0.007858525130351011,0.0012136961270934837,0.031985213807647184,0.014800128806711589,0.006356585225086086,0.06052491553377301,0.004632639195830857,0.022139983681869306,0.07250491026003199,0.1192560327509348,0.08663425885618552,0.0032066023180336305,0.007004427778654872,0.025805777005430994,0.27219245646483275,0.1426636142742461,0.003538776060822859,0.0482825047713345,0.0004884999745306865,0.0018568983819518402,0.003424592690494735,0.0008906791580611166,0.008062016759230762,0.0004191285412959897,0.0025699072369067565,0.0003520769738598886,0.0010737740701102065,0.00012254901473811547,0.0022411826579354327,0.0004775389455474136,0.00016667823253638367,0.00005234576495996295,0,0.0010273834946619308,0.0015857100328644344,0.00025078929928856324,0.033790537447891573,0.006601471522313326,0.00018442388084816903,0,0,0.0001236221481821968,0.0007866932605475618,0.00003128912853114372,0.0035642429820453457,0.00005615610683921918,0.00003079765261179618,0.0005599764789550684,0.0003813571863423408,0,0.0011834065943327717,0.00008698488269561513,0.00001882353515625587,0,0,0,0.000026983247708235812,0.00029486764625770076,0.00006797134724121463,0.0016293053117627666,0.03230153575314622,0.006454081165358363,0.001305846089678387,0.0003321798512876234,0.0004883792796374069,0.00011648225650087195,0.00008009253706378997,0,0.0005834429030757961,0.000019349845444066217,0.00004281967207375495,0.00008227067763863101,0,0,0,0.00002551996177380067,0,0,0.00035085793311445413,0.00004186728157273473,0.00020553295277561301,0.00003905296929363388,0,0.001844468604545623,0.00006934008259514562,0,0,0,0.0000930016583783204,0,0.00011146099365941287,0.0006629483218098734,0.00387570516295407,0.0010899941184607416,0.000018763491735314343,0.00004099198912337836,0.000030898788962570705,0,0.0004235596840318604,0.000019839291701974517,0,0.0001751690188911299,0.00015828432204113347,0,0,0.0001885810147077617,0,0,0.00002513825059701067,0,0.0000173520669339628,0,0,0,0,0,0.000018975322728320688,0.00016433157933416675,0,0,0.000034174894544064414,0,0,0.00010436644784349114,0,0,0.0005797982834998926,0,0,0,0,0,0,0,0,0,0,0,0,0,0,0,0,0,0,0,0,0,0,0,0,0.00013947994320387392,0,0,0,0,0,0,0,0,0,0,0,0,0,0,0,0,0,0,0,0,0,0,0,0,0,0,0,0,0,0,0,0,0,0,0,0,0,0,0,0,0,0,0,0,0.0006450272052304286,0.00007869365069618414,0.0012422055263832047,0,0.00010943911477822755,0.04938268219226298,0.07690587425752128,0.0004436095033439513,0.11854202555854869,0.9003711550791641,0.002301106067324887,0.019919876671635917,0.000026085818825288222,0.00021050162307102485,0,0,0,0,0,0,0,0,0,0,0,0,0,0,0,0,0,0,0,0,0,0,0,0,0,0,0,0,0,0,0,0,0,0,0,0,0,0,0,0,0,0,0,0,0,0,0,0,0,0,0,0,0,0,0,0,0,0,0,0,0,0,0,0,0,0,0,0,0,0,0,0,0,0,0,0,0,0,0,0,0,0,0,0,0,0,0,0,0,0,0,0,0,0,0,0,0,0,0,0,0,0,0,0,0,0,0,0,0,0,0,0,0,0,0,0,0,0,0,0,0,0,0,0,0,0,0,0,0,0,0,0,0,0,0,0,0,0,0,0,0,0,0,0,0,0,0,0,0,0,0,0,0,0,0,0,0,0,0,0,0,0,0,0,0,0,0,0,0,0,0,0,0,0,0,0,0,0,0,0,0,0,0,0,0,0,0,0,0,0,0,0,0,0,0,0,0,0,0,0,0,0,0,0,0,0,0,0,0,0,0,0,0,0,0,0,0,0,0,0,0,0,0,0,0,0,0,0,0,0,0,0,0
0.005530996003413041,0.14449791789477584,0.0017611026368050692,0.09377024824211347,0.12374704227260842,0.23832939798637134,0,0.019093494405067846,0.024999329814925985,0.020975441836572007,0.08715344193354423,0.3595352081862905,0.1213353645373403,0.06260143175612434,0.022851458025725906,0.12461193761212534,0.010585905539060834,0.051771373767933435,0.10087233289815745,0.0008190839086934343,0.001644906279057953,0.0002767390981388029,0.010680002934620507,0.011840698036582664,0.002994694769297809,0.027448230829975603,0.0024707853647159403,0.023837864136046476,0.028927988726668987,0.05681254046634343,0.08521070653605442,0.01041279385092506,0.01568231222487096,0.12239185300796504,0.145744317622637,0.12258899634021375,0.03730834734760059,0.1971891728908683,0.0049842589858786965,0.003629491963459466,0.008089799966931814,0.0050043980612222965,0.012885105535181744,0.0017853826607637832,0.004714783625441808,0.0005538187928065603,0.0013155405510019021,0.000027423560736946315,0.002069120194348236,0.0003817159686177274,0,0.0003058844374889697,0.00023703894344054388,0.0010157503745844808,0.0012535336406382183,0.0003791049175717719,0.014412031481033144,0.007037142397836343,0,0,0,0,0.0004592210983559891,0,0.0004587713468954481,0,0,0.00011251359955502867,0.00022883582301248638,0,0.001474304766549769,0,0.00008473977418938781,0,0,0,0,0.0009175434538410222,0,0.0008321912204427307,0.018187496158384216,0.0034808421303499154,0.0001532306535210568,0.0001308805481159714,0.0000901893994935532,0.0000506008896666194,0.0009722272507632883,0.00005194130282469574,0.0002340569579105288,0.00006663458590846545,0.00005857942797760835,0,0,0,0,0,0,0,0.000043613373048041037,0.00006305335417836549,0.00011974257210671643,0.00005918520372326805,0,0.0003423905662945661,0,0,0,0,0,0,0,0.00041121640131204653,0.0012054042705071225,0.00024771142785516494,0.000016976488686077503,0.000018411100093129464,0.00003102097856042981,0,0.000325229013550043,0,0.00018973229759223996,0.000042819678019221935,0.00007307271426926222,0,0,0.00017400194509817695,0,0,0,0,0,0,0,0,0,0,0,0.00010522469059708995,0,0,0.00010654832140776706,0.00008626206710213247,0.000018044030382877033,0.0001563199773374277,0.000017352080602176103,0.000017050296494928362,0.0001788070308446077,0,0,0,0,0,0,0,0,0,0,0,0,0,0,0,0,0,0,0,0,0,0,0,0,0,0,0,0,0,0,0,0,0,0,0,0,0,0,0,0,0,0,0,0,0,0,0,0,0,0,0,0,0,0,0,0,0,0,0,0,0,0,0,0,0,0,0,0,0,0.000030478510841349184,0,0.0002312201827937896,0,0,0.015486705446434426,0.0056328681340932435,0.00011785332597162414,0.21089190227618476,0.6589675208108182,0.0008016567989744484,0.029977435646764722,0.000018468930234865096,0.00004763040510667783,0,0,0,0,0,0,0,0,0,0,0,0,0,0,0,0,0,0,0,0,0,0,0,0,0,0,0,0,0,0,0,0,0,0,0,0,0,0,0,0,0,0,0,0,0,0,0,0,0,0,0,0,0,0,0,0,0,0,0,0,0,0,0,0,0,0,0,0,0,0,0,0,0,0,0,0,0,0,0,0,0,0,0,0,0,0,0,0,0,0,0,0,0,0,0,0,0,0,0,0,0,0,0,0,0,0,0,0,0,0,0,0,0,0,0,0,0,0,0,0,0,0,0,0,0,0,0,0,0,0,0,0,0,0,0,0,0,0,0,0,0,0,0,0,0,0,0,0,0,0,0,0,0,0,0,0,0,0,0,0,0,0,0,0,0,0,0,0,0,0,0,0,0,0,0,0,0,0,0,0,0,0,0,0,0,0,0,0,0,0,0,0,0,0,0,0,0,0,0,0,0,0,0,0,0,0,0,0,0,0,0,0,0,0,0,0,0,0,0,0,0,0,0,0,0,0,0.000039346855467734986,0,0,0,0,0,0
0.00031725035972469197,0.04335716160870312,0.05792744277215113,0.0071892091676273836,0.0004140073215457423,0.07300086172413325,0.019093494405067846,0,0.042414265294009185,0,0.00009763244332378484,0.0018464583324846377,0,0,0,0.17153981616875374,0.012732448892445125,0.09880080545903352,0.04872217757686535,0.0010092351689322365,0.0028072669934187926,0.00043079141289343497,0.01014135314053788,0.0018349369407288298,0.0019393937677929835,0.014575896999283534,0.0008961611652341185,0.003198689743133506,0.009340495555502475,0.014195318877630227,0.014374539800967624,0.00011258092472645978,0,0.0005432475233242804,0.06455126231455195,0.04026819943987089,0.00003869967389152824,0.0002873820865812762,0,0,0,0.00003491011358883808,0.0004890413994222257,0,0.0002972526189960279,0,0.0001629272676570884,0,0.0004346840667227412,0.000031123554881665626,0.00007878150723849147,0,0,0,0.00004406258647469623,0,0.006610284963578659,0.0009350458621474165,0.0002802788876719594,0,0,0.000041135337447682005,0.00018949856972379274,0,0.0005872798066618039,0,0,0.00006224710348147986,0.000028485979079057265,0,0.0001213899073543322,0,0,0,0,0,0,0,0,0.0002375748436380013,0.0008795572512828968,0.00010141987079184061,0.00011953980045111511,0.00003687995397994271,0.00003429941956373332,0,0,0,0,0,0,0.000018016400392306592,0,0,0,0,0,0,0,0,0.000021045989212333008,0.0000207125050701905,0,0.00009994791948588725,0.0001009304691255785,0,0,0,0.00002926543696286639,0,0,0.000028280531057207866,0.000454533399349294,0.0001308886026530815,0,0.000022711789424681664,0,0,0.00001861504746982942,0,0,0,0,0,0,0.000041171334066062806,0,0,0.00014075420368207456,0,0,0,0,0,0,0,0,0,0,0,0,0,0,0.00006051285151803023,0,0,0.000043173202376925454,0,0,0,0,0,0,0,0,0,0,0,0,0,0,0,0,0,0,0,0,0,0,0,0,0,0,0,0,0,0,0,0,0,0,0,0,0,0,0,0,0,0,0,0,0,0,0,0,0,0,0,0,0,0,0,0,0,0,0,0,0,0,0,0,0,0,0,0,0,0.000058169155810352615,0,0.0001341981990485449,0,0,0.0008316728940254367,0.005353109826700172,0,0.00025442703578489777,0.004023802235331226,0,0,0.000021159550793371594,0,0,0,0,0,0,0,0,0,0,0,0,0,0,0,0,0,0,0,0,0,0,0,0,0,0,0,0,0,0,0,0,0,0,0,0,0,0,0,0,0,0,0,0,0,0,0,0,0,0,0,0,0,0,0,0,0,0,0,0,0,0,0,0,0,0,0,0,0,0,0,0,0,0,0,0,0,0,0,0,0,0,0,0,0,0,0,0,0,0,0,0,0,0,0,0,0,0,0,0,0,0,0,0,0,0,0,0,0,0,0,0,0,0,0,0,0,0,0,0,0,0,0,0,0,0,0,0,0,0,0,0,0,0,0,0,0,0,0,0,0,0,0,0,0,0,0,0,0,0,0,0,0,0,0,0,0,0,0,0,0,0,0,0,0,0,0,0,0,0,0,0,0,0,0,0,0,0,0,0,0,0,0,0,0,0,0,0,0,0,0,0,0,0,0,0,0,0,0,0,0,0,0,0,0,0,0,0,0,0,0,0,0,0,0,0,0,0,0,0,0,0,0,0,0,0,0,0,0,0,0,0,0,0
0.00013368985116276078,0.029481152271997053,0.015154352728856133,0.0031866879449633685,0.0007038710884321621,0.11622403185503191,0.024999329814925985,0.042414265294009185,0,0.00006257818722490902,0,0.0011698414502394764,0.00009564799157248257,0.00007217613842316268,0,0.09109471366101166,0.010514608564779187,0.045555735430269875,0.04668250752856514,0.0006796405785440014,0.00196939079740955,0.0004294667721969853,0.007094645365892608,0.002149633301448373,0.001597651569154772,0.014146891832048659,0.0010729021399296208,0.00680127615704108,0.013720275321649118,0.0577814807489541,0.024070186967449263,0.00008879019153470835,0.00021586624608085634,0.0011022658380462481,0.151355071124971,0.11014495819195573,0.00009392980464863706,0.0008425652535999547,0.0000565610880475277,0.00008946541412619533,0,0.00009374267849044416,0.000508256277947468,0,0,0,0.00003332779022859195,0,0.0002378960604330893,0.00003295435750960132,0,0,0,0.00002948546317929619,0.00009370118464022412,0.000036995922459265475,0.007033797168258479,0.0005492425257359332,0,0,0,0.000043094134848116524,0.00008314274396046705,0.00003608804387444347,0.00045697638409297693,0,0,0.00002912057451281542,0,0,0.00011090060932049327,0,0,0,0,0,0,0.00007044736063836266,0.000022799816590048716,0.00038792262126816643,0.00025506131964919855,0,0,0.00003214402323446117,0.000030088742472916235,0,0,0,0,0,0,0,0,0,0,0.00003137255540237516,0,0,0,0,0,0.000020389450133430507,0,0.00014354496098424022,0.0000236714273255655,0,0,0,0.00003304693159341958,0,0.000027552003916030274,0.00016111439195813076,0.0004190962941364087,0.000021197671170503175,0,0,0.00001552073203405884,0,0.00003714193508070293,0.000018016398287311912,0,0,0.00003770740009973962,0,0,0,0,0,0.00002396071263559001,0,0.000019223372988613335,0,0,0,0,0,0,0.00007011497711881442,0,0,0.00007385637068101298,0,0,0.000017852377095923048,0,0,0.0001844991966473688,0,0,0,0,0,0,0,0,0,0,0,0,0,0,0,0,0,0,0,0,0,0,0,0,0.00015347352634907926,0,0,0,0,0,0,0,0,0,0,0,0,0,0,0,0,0,0,0,0,0,0,0,0,0,0,0,0,0,0,0,0,0,0,0,0,0,0,0,0,0,0,0,0,0.00008997866857791184,0.000029411770315736362,0,0,0,0.000719982061146343,0.0031182856360692157,0.00002297794254617138,0.0005266885303600861,0.006959722278143594,0.00007307271426926222,0,0.000057978022118375775,0,0,0,0,0,0,0,0,0,0,0,0,0,0,0,0,0,0,0,0,0,0,0,0,0,0,0,0,0,0,0,0,0,0,0,0,0,0,0,0,0,0,0,0,0,0,0,0,0,0,0,0,0,0,0,0,0,0,0,0,0,0,0,0,0,0,0,0,0,0,0,0,0,0,0,0,0,0,0,0,0,0,0,0,0,0,0,0,0,0,0,0,0,0,0,0,0,0,0,0,0,0,0,0,0,0,0,0,0,0,0,0,0,0,0,0,0,0,0,0,0,0,0,0,0,0,0,0,0,0,0,0,0,0,0,0,0,0,0,0,0,0,0,0,0,0,0,0,0,0,0,0,0,0,0,0,0,0,0,0,0,0,0,0,0,0,0,0,0,0,0,0,0,0,0,0,0,0,0,0,0,0,0,0,0,0,0,0,0,0,0,0,0,0,0,0,0,0,0,0,0,0,0,0,0,0,0,0,0,0,0,0,0,0,0,0,0,0,0,0,0,0,0,0,0,0,0,0,0,0,0,0,0,0
0,0.00024132724113873892,0,0.0007248316670515166,0.00475968673414324,0.0013917802671820835,0.020975441836572007,0,0.00006257818722490902,0,0.010412404016679548,0.05813725555827514,0.006839541775648025,0.0033597362189852695,0.0001156236699606912,0.0005892395643703133,0.00007469653623891146,0.00009411767578127934,0.00024403884123980484,0,0,0.000032679745487837345,0.00012744433213305177,0.0004741442630055901,0.00003895598121909003,0.0002720513486773483,0.00004631773343365888,0.00017501216189797425,0.0002754663507119313,0.0003939808201921211,0.0005697193974019373,0.00008003199826706456,0.0005588932404267511,0.004397188785220651,0.0025627342192624486,0.0011835151871235578,0.007946671240417624,0.006791764823147818,0.0003666921313980138,0.0005572232149446254,0.00006159535443141686,0.0002154708465267849,0.0004858634164388553,0.00008746991794605222,0.0000342994424515516,0,0,0,0,0,0,0,0,0,0,0,0.000040849660757935435,0,0,0,0,0,0,0,0,0,0,0,0,0,0.0000901894141462988,0,0,0,0,0,0,0,0,0,0.0005488975882593421,0,0,0,0,0,0,0,0,0,0,0,0,0,0,0,0,0,0,0,0,0,0,0,0,0,0,0,0,0,0,0,0,0,0,0,0,0,0,0,0,0,0,0,0,0,0,0,0,0,0,0,0,0,0,0,0,0,0,0,0,0,0,0,0,0,0,0,0,0,0,0,0,0,0,0,0,0,0,0,0,0,0,0,0,0,0,0,0,0,0,0,0,0,0,0,0,0,0,0,0,0,0,0,0,0,0,0,0,0,0,0,0,0,0,0,0,0,0,0,0,0,0,0,0,0,0,0,0,0,0,0,0,0,0,0,0,0,0,0,0,0,0,0.00011686793135556543,0.0016543386612790072,0.003819387116932421,0.00012170386596219606,0.00018600326534032189,0,0,0,0,0,0,0,0,0,0,0,0,0,0,0,0,0,0,0,0,0,0,0,0,0,0,0,0,0,0,0,0,0,0,0,0,0,0,0,0,0,0,0,0,0,0,0,0,0,0,0,0,0,0,0,0,0,0,0,0,0,0,0,0,0,0,0,0,0,0,0,0,0,0,0,0,0,0,0,0,0,0,0,0,0,0,0,0,0,0,0,0,0,0,0,0,0,0,0,0,0,0,0,0,0,0,0,0,0,0,0,0,0,0,0,0,0,0,0,0,0,0,0,0,0,0,0,0,0,0,0,0,0,0,0,0,0,0,0,0,0,0,0,0,0,0,0,0,0,0,0,0,0,0,0,0,0,0,0,0,0,0,0,0,0,0,0,0,0,0,0,0,0,0,0,0,0,0,0,0,0,0,0,0,0,0,0,0,0,0,0,0,0,0,0,0,0,0,0,0,0,0,0,0,0,0,0,0,0,0,0,0,0,0,0,0,0,0,0,0,0,0,0,0,0,0,0,0,0,0,0,0,0,0,0
0,0.00033414558302530164,0,0.0015758815916388084,0.010933407613073333,0.003051223947362633,0.08715344193354423,0.00009763244332378484,0,0.010412404016679548,0,0.040405924485890504,0.0052817722738777665,0.0024824255834215705,0.0003801880287031936,0.0009553880704059871,0,0.000047630401428626074,0.0009285161964356107,0,0,0.000149678191887442,0.00021264714480901244,0.0010660576184090853,0.00007529411764705882,0.00019405703477156893,0,0.0017031309078277242,0.0001299968021368873,0.0003792009379821673,0.005730426500950988,0.00251190265057133,0.013349592552734749,0.08397647802854585,0.005971039510826559,0.020100923187158545,0.054648802945031404,0.02009617241614848,0.005152283150129434,0.005277058035534601,0.002034849589665146,0.0025391230302823802,0.003356248865194137,0.0005420134550290195,0.0009475182498081278,0.0004644865816073502,0.0006930499670434009,0.0000683994573553772,0.00018332225162031462,0.00006103610691417373,0.00009403402745805081,0.000028555097616590484,0.0000578118051783536,0,0,0,0.00010679007715181316,0.0003876700504094291,0,0,0,0,0,0,0.000048765620237732395,0,0,0,0,0,0,0,0,0,0,0,0,0.00007430340855638924,0.00002219755986618653,0.00009167303284942902,0.0007994138737558636,0.00006800409074142298,0,0.00004705879480698223,0,0,0.00010403574905330699,0,0.0002918788106569373,0,0,0,0,0,0,0,0,0,0,0,0.00002112154123832683,0,0,0,0,0,0,0,0,0,0,0,0.00007754819090017835,0,0,0,0,0,0,0,0,0,0,0,0,0,0,0,0,0,0,0,0,0,0,0,0,0,0,0,0,0,0,0,0,0.000018527094764782536,0,0,0,0,0,0,0,0,0,0,0,0,0,0,0,0,0,0,0,0,0,0,0,0,0,0,0,0,0,0,0,0,0,0,0,0,0,0,0,0,0,0,0,0,0,0,0,0,0,0,0,0,0,0,0,0,0,0,0,0,0,0,0,0,0,0,0,0,0,0,0,0,0,0,0,0.00010411240453282002,0.00029758936356426063,0,0.002504816352546169,0.004790724992884772,0,0.0003482398934071452,0,0,0,0,0,0,0,0,0,0,0,0,0,0,0,0,0,0,0,0,0,0,0,0,0,0,0,0,0,0,0,0,0,0,0,0,0,0,0,0,0,0,0,0,0,0,0,0,0,0,0,0,0,0,0,0,0,0,0,0,0,0,0,0,0,0,0,0,0,0,0,0,0,0,0,0,0,0,0,0,0,0,0,0,0,0,0,0,0,0,0,0,0,0,0,0,0,0,0,0,0,0,0,0,0,0,0,0,0,0,0,0,0,0,0,0,0,0,0,0,0,0,0,0,0,0,0,0,0,0,0,0,0,0,0,0,0,0,0,0,0,0,0,0,0,0,0,0,0,0,0,0,0,0,0,0,0,0,0,0,0,0,0,0,0,0,0,0,0,0,0,0,0,0,0,0,0,0,0,0,0,0,0,0,0,0,0,0,0,0,0,0,0,0,0,0,0,0,0,0,0,0,0,0,0,0,0,0,0,0,0,0,0,0,0,0,0,0,0,0,0,0,0,0,0,0,0,0,0,0,0,0,0,0,0
0.0009945596009358847,0.06260387873374743,0,0.04824249669327645,0.14284729112556477,0.0885991661188103,0.3595352081862905,0.0018464583324846377,0.0011698414502394764,0.05813725555827514,0.040405924485890504,0,0.02838587669915361,0.025207469689994943,0.014406191079469267,0.0573662115468473,0.003678186841895135,0.006518294973959996,0.02004127006368315,0.0003740393269029588,0.00014767417012709797,0.0002472442302936667,0.0020227468859030035,0.0046084956025404765,0.00029218996564197544,0.014214321272829226,0.0003623625523783313,0.011680133907068796,0.006438799766362659,0.005744177630480224,0.05471283140969087,0.007087001825289066,0.029786016238661797,0.5255767591373104,0.3237358972652218,0.3063339682053179,0.09400844104352073,0.07822555388292851,0.004210426011743137,0.004186672088867731,0.009656971623113733,0.004412125498151173,0.009267790902915978,0.002680153727970854,0.0044692030044757615,0.0007949395702923186,0.003419830181489832,0.0001266156556934078,0.0016150840505909654,0.00038069367582804287,0,0.00030024757801476096,0.00002626050912104191,0.0002652446895605694,0.00029641125035378176,0,0.002582898247181217,0.0026251410898271528,0,0,0,0,0.00005092946605832437,0,0.0000512065748442032,0,0.000028212723422311672,0,0.00007048249434479285,0,0.0009377286379022373,0,0,0,0,0,0,0.0006027433452248502,0.00009810735384995975,0.000553727689487212,0.014727879956499781,0.021375926397277773,0.004579735237072456,0.0018379985523003788,0.0011792344168918693,0.00012486123829999647,0.0009103068891163276,0.0006676212284020064,0.0009486887797417304,0.0004767158572835082,0,0,0,0,0,0,0,0,0.000024767801857585138,0.00002585650078032706,0.000020896458333557577,0,0,0.000044437034429630853,0,0,0,0,0,0,0,0.000055889331005939576,0.0003974355380746264,0.000020214271010512117,0,0,0,0,0.000039982006541406466,0,0,0,0,0,0,0,0,0,0,0,0,0,0,0,0,0,0,0,0,0,0.00001835368012937033,0.000017825322245725177,0,0.00009956022911433998,0,0,0.00012888905160237394,0,0,0,0,0,0,0,0,0,0,0,0,0,0,0,0,0,0,0,0,0,0,0,0,0,0,0,0,0,0,0,0,0,0,0,0,0,0,0,0,0,0,0,0.000043816417960405,0,0,0,0,0,0,0,0,0,0,0.000024820045815179578,0,0,0,0,0,0,0,0,0,0,0,0,0,0,0,0,0.00011098779733419922,0,0.00003631081891446344,0.004096951064162914,0.005287795208942108,0.00025939630607798014,0.2315261685926462,0.46776537871216445,0.0012155416394239193,0.012108163623777717,0.00015728873141190305,0,0,0,0,0,0,0,0,0,0,0,0,0,0,0,0,0,0,0,0,0,0,0,0,0,0,0,0,0,0,0,0,0,0,0,0,0,0,0,0,0,0,0,0,0,0,0,0,0,0,0,0,0,0,0,0,0,0,0,0,0,0,0,0,0,0,0,0,0,0,0,0,0,0,0,0,0,0,0,0,0,0,0,0,0,0,0,0,0.00001598466997564228,0,0,0,0,0,0,0,0,0,0,0,0,0,0,0,0,0,0,0,0,0,0,0,0,0,0,0,0,0,0,0,0,0,0,0,0,0,0,0,0,0,0,0,0,0,0,0,0,0,0,0,0,0,0,0,0,0,0,0,0,0,0,0,0,0,0,0,0,0,0,0,0,0,0,0,0,0,0,0,0,0,0,0,0,0,0,0,0,0,0,0,0,0,0,0,0,0,0,0,0,0,0,0,0,0,0,0,0,0,0,0,0,0,0,0,0,0,0,0,0,0,0,0,0,0,0,0,0,0,0,0,0,0,0,0,0,0,0.00004341219210594923,0.00018068658441407036,0,0,0,0,0,0
0.0010170129661828079,0.012982026984089103,0,0.049022578081168555,0.035915401546396414,0.032689207768133416,0.1213353645373403,0,0.00009564799157248257,0.006839541775648025,0.0052817722738777665,0.02838587669915361,0,0.023000250997058443,0.03646624304076584,0.005690994673672661,0.00011562363203101814,0.0012231988304691518,0.0017090811961290807,0.00004801919272970061,0.00010843045561883605,0.0000667500970734466,0.00022155757185679704,0.0001016389461323046,0.000047630394072524256,0.0005105224308687092,0,0.0001960784261782409,0.0006791411413545736,0.00019207677839568272,0.0009610066590767102,0.00009865584056331707,0.0003545365462980965,0.02503021664859697,0.019499130038748036,0.03600461752830592,0.0021318594699286306,0.003632881708125507,0,0.00005137427946667864,0.0004927624253863325,0.00005523336292843138,0.00041653148608748476,0.00016454140831511843,0.000038073484640061026,0,0.0006798392121599602,0,0.0000357589910787324,0.00003491009778212269,0,0,0,0,0,0,0.00016746910734502732,0.00007701937226979351,0,0,0,0,0,0,0,0,0,0,0,0,0,0,0,0,0,0,0,0,0,0,0.005473774795803391,0.005848912632162326,0.00351648339855612,0.0007423236412700665,0.0015956801940777514,0.0002744488063408279,0.00036820496721724056,0.0014887063852438889,0.00041318506368904606,0.0003934742810854387,0.00044121321724788004,0,0,0,0,0,0,0,0,0,0,0,0,0,0,0,0,0,0,0,0,0,0,0,0,0,0,0,0,0,0,0.00006336466132478417,0,0,0,0,0,0,0,0,0,0,0,0,0,0,0,0,0,0.00015999739321869997,0,0,0,0,0,0,0.0002057815796085027,0,0,0,0,0,0,0,0,0,0,0,0,0,0,0,0,0,0,0,0,0,0,0,0,0,0,0,0,0,0,0,0,0,0,0,0,0,0,0,0,0,0,0,0,0,0,0,0,0,0,0,0,0,0,0,0,0,0,0,0,0,0,0,0,0,0,0,0,0,0,0,0,0,0,0.0013429916422689463,0.0006715493784774607,0,0.26683528874039847,0.2265522085440742,0.00006646725484450753,0.026452092822599593,0.00020879975163956406,0,0,0,0,0,0,0,0,0,0,0,0,0,0,0,0,0,0,0,0,0,0,0,0,0,0,0,0,0,0,0,0,0,0,0,0,0,0,0,0,0,0,0,0,0,0,0,0,0,0,0,0,0,0,0,0,0,0,0,0,0,0,0,0,0,0,0,0,0,0,0,0,0,0,0,0,0,0,0,0,0,0,0,0,0,0,0,0,0,0,0,0,0,0,0,0,0,0,0,0,0,0,0,0,0,0,0,0,0,0,0,0,0,0,0,0,0,0,0,0,0,0,0,0,0,0,0,0,0,0,0,0,0,0,0,0,0,0,0,0,0,0,0,0,0,0,0,0,0,0,0,0,0,0,0,0,0,0,0,0,0,0,0,0,0,0,0,0,0,0,0,0,0,0,0,0,0,0,0,0,0,0,0,0,0,0,0,0,0,0,0,0,0,0,0,0,0,0,0,0,0,0,0,0,0,0,0,0,0,0,0,0,0,0,0,0,0,0,0,0,0,0,0,0,0,0,0,0,0,0,0,0,0,0
0.0013377427998414123,0.0029494571601203453,0,0.03769996939409914,0.019390070666777205,0.0059538972292349805,0.06260143175612434,0,0.00007217613842316268,0.0033597362189852695,0.0024824255834215705,0.025207469689994943,0.023000250997058443,0,0.028429080113817142,0.0009008525487756571,0.00007446014493600673,0.0007044413134501497,0.0002031316346560579,0,0,0,0,0.000041425043525821514,0,0.00006526882045177435,0,0.0001847859341239705,0,0.0000704472971646268,0,0.000054719542825954144,0.0001096942331938187,0.008147831708864158,0.0024992250173075333,0.01787339499187946,0.001144712901092723,0.0002515019838294026,0,0,0,0,0,0,0,0,0,0,0,0,0,0,0,0,0,0,0,0,0,0,0,0,0,0,0,0,0,0,0,0,0,0,0,0,0,0,0,0,0,0,0.006158921998048905,0.001156394185416709,0.00018975321706714355,0,0.00004157141680917518,0,0,0,0,0.00011983400751853674,0,0,0,0,0,0,0,0,0,0,0,0,0,0,0,0,0,0,0,0,0,0,0,0,0,0,0,0,0,0,0,0,0,0,0,0,0,0,0,0,0,0,0,0,0,0,0,0,0,0,0,0,0,0,0,0,0,0,0,0,0,0,0,0,0,0,0,0,0,0,0,0,0,0,0,0,0,0,0,0,0,0,0,0,0,0,0,0,0,0,0,0,0,0,0,0,0,0,0,0,0,0,0,0,0,0,0,0,0,0,0,0,0,0,0,0,0,0,0,0,0,0,0,0,0,0,0,0,0,0,0,0.0006979063027783183,0.00006609386318683916,0,0.11886096994954065,0.1119606638762056,0,0.040370784686634215,0.0000976810399495273,0,0,0,0,0,0,0,0,0,0,0,0,0,0,0,0,0,0,0,0,0,0,0,0,0,0,0,0,0,0,0,0,0,0,0,0,0,0,0,0,0,0,0,0,0,0,0,0,0,0,0,0,0,0,0,0,0,0,0,0,0,0,0,0,0,0,0,0,0,0,0,0,0,0,0,0,0,0,0,0,0.00022197577440805617,0,0,0,0,0,0,0,0,0,0,0,0,0,0,0,0,0,0,0,0,0,0,0,0,0,0,0,0,0,0,0,0,0,0,0,0,0,0,0,0,0,0,0,0,0,0,0,0,0,0,0,0,0,0,0,0,0,0,0,0,0,0,0,0,0,0,0,0,0,0,0,0,0,0,0,0,0,0,0,0,0,0,0,0,0,0,0,0,0,0,0,0,0,0,0,0,0,0,0,0,0,0,0,0,0,0,0,0,0,0,0,0,0,0,0,0,0,0,0,0,0,0,0,0,0,0,0,0,0,0,0,0,0,0,0,0,0,0,0,0,0,0,0,0,0,0,0,0,0,0,0,0,0
0.002291560140311666,0.007586394491406256,0.00045688187208494757,0.0243178769564878,0.030685492392313052,0.009777633240276251,0.022851458025725906,0,0,0.0001156236699606912,0.0003801880287031936,0.014406191079469267,0.03646624304076584,0.028429080113817142,0,0.0019354105058276361,0,0.0003377427125340585,0.0007776369034253657,0,0,0,0.000037586922958583206,0.000034806807209498156,0,0.00022197563860474397,0,0.000048019218898108795,0,0.000051374283745664415,0.0000730727056125286,0.000035542903327134644,0,0.002726000179914819,0.001545438012486822,0.0031861202664678545,0.00021245526207187146,0.0003221441372278247,0,0,0.0001527883682128249,0.0000617569918240482,0.00030456588304303975,0,0,0,0.00036657316317087956,0,0,0,0,0,0,0,0,0,0,0,0,0,0,0.00007935720254230802,0,0,0,0,0,0,0,0,0,0,0,0,0,0,0,0,0,0,0.05237210276877134,0.01334804796952936,0.0034441191917117574,0.001732367495814461,0.0017512272037842644,0.0007895939642305039,0.0006568583543491935,0.0014355768987845332,0.000530373061327811,0.00028282431503472036,0.00019761982641557728,0,0,0,0,0,0,0,0,0,0,0,0,0,0,0,0,0,0,0,0,0,0,0,0,0,0,0,0,0,0,0,0,0,0,0,0,0,0,0,0,0,0,0,0,0,0,0,0,0,0,0,0,0.00002021426836060218,0,0,0.00007660143826251884,0,0,0,0,0,0,0,0,0,0,0,0,0,0,0,0,0,0,0,0,0,0,0,0,0,0,0,0,0,0,0,0,0,0,0,0,0,0,0,0,0,0,0,0,0,0,0,0,0,0,0,0,0,0,0,0,0,0,0,0,0,0,0,0,0,0,0,0,0,0,0,0,0,0,0.0016601893251799611,0.0002974223206004899,0.00008636405648971436,0.1399011588032452,0.12031482937409342,0.00036385689607616045,0.05093935749442524,0.0002809306612396338,0,0,0,0,0,0,0,0,0,0,0,0,0,0,0,0,0,0,0,0,0,0,0,0,0,0,0,0,0,0,0,0,0,0,0,0,0,0,0,0,0,0,0,0,0,0,0,0,0,0,0,0,0,0,0,0,0,0,0,0,0,0,0,0,0,0,0,0,0,0,0,0,0,0,0,0,0,0,0,0,0.00026437561563914905,0,0,0,0,0,0,0,0,0,0,0,0,0,0,0,0,0,0,0,0,0,0,0,0,0,0,0,0,0,0,0,0,0,0,0,0,0,0,0,0,0,0,0,0,0,0,0,0,0,0,0,0,0,0,0,0,0,0,0,0,0,0,0,0,0,0,0,0,0,0,0,0,0,0,0,0,0,0,0,0,0,0,0,0,0,0,0,0,0,0,0,0,0,0,0,0,0,0,0,0,0,0,0,0,0,0,0,0,0,0,0,0,0,0,0,0,0,0,0,0,0,0,0,0,0,0,0,0,0,0,0,0,0,0,0,0,0,0,0,0,0,0,0,0,0,0,0.0008552695007838148,0,0,0.0004486541031550571,0,0,0.0005677337204496732
0.002997632579804068,0.10658137345627451,0.04033958784736043,0.06657427448764151,0.012929023466586188,0.6287978646626569,0.12461193761212534,0.17153981616875374,0.09109471366101166,0.0005892395643703133,0.0009553880704059871,0.0573662115468473,0.005690994673672661,0.0009008525487756571,0.0019354105058276361,0,0.16316231141805657,0.19335831578329293,0.1631870830970477,0.030853415075664792,0.03952153030506388,0.008529756775634579,0.07013904656803452,0.021722213275527993,0.00939047465155279,0.1589960667283795,0.012118719952932424,0.16291869461906855,0.06433677588158808,0.05644225553419105,0.4102987626568919,0.03763568183132932,0.040893201516903115,0.029601147288468323,0.382459655577882,0.058677053502739294,0.020111511182082112,0.06030214557487183,0.003383187452603973,0.02554023795999142,0.014580437485237789,0.015337847850862249,0.014356561278006568,0.00024030039107250122,0.0006510515135947394,0.00012442107063250843,0.00011571836062237908,0,0.0005679513900546884,0.00021868994733491062,0,0.00006900121060878403,0,0.00035496956820001586,0.0002414099140536679,0.0003008021671535698,0.02058757625509,0.0038243625625803642,0.0004924760383467704,0.0000759012955832913,0,0.00017588434956330225,0.003080858206722552,0.00017174750363146174,0.0028422068581294016,0,0.00025478514635359184,0.00017559252076077773,0.00030908236174862337,0,0.0008498223051233183,0,0.00007159051266701878,0,0,0,0,0,0,0.0001895661884722411,0.08065985286122769,0.10268598726733169,0.03667573061947231,0.006405862054425274,0.0002790049414804109,0.00003419974005514257,0.00006751623427212523,0.000027423543667322138,0.00022546151163535346,0.00005440329298642031,0.00008923922432790314,0.00020153671829379962,0,0,0.00018012944175316344,0.0005870287046187926,0.00008545792671260083,0.00005323393478338191,0.00007517385049802828,0.00010897451156600363,0.00010457514566879022,0.0001342491968709464,0,0.0033014883305183497,0,0.00008255935425928,0,0,0.00004029010074426643,0,0.00020572162147988724,0.0022742578171087834,0.002152862927225235,0.00012966241539048195,0.000023623911375410172,0.00015561782750485466,0.00002203130582807941,0,0.0005059598766135068,0,0,0,0.00023356573412499645,0,0,0.0002232480339751814,0,0,0.00021512605042016804,0,0.0001007683323953889,0,0,0,0,0,0.000020896454085972787,0.000068699012451696,0.00011519908486196196,0,0.00023148737089517178,0,0,0.00017405860744596613,0,0,0.0006314272879979952,0,0,0,0,0.000018211628046433398,0,0,0,0,0,0.00002104598059515073,0.0001480027068211985,0,0,0,0,0,0,0,0,0,0,0.00002466393351287437,0,0.000455738772456523,0.000021666128362215035,0,0,0,0,0,0,0,0,0,0,0,0,0,0,0,0,0,0,0,0,0,0,0,0,0,0,0,0,0,0,0,0,0,0,0,0,0,0,0,0,0,0,0,0.0010075347209268727,0.0003753079779618481,0.0021931541078386765,0.000026143788633435188,0,0.0041258017162382225,0.04710163328264269,0.0002471576727388195,0.06831560826349438,0.1386572718159865,0.0010656742897993696,0.0033624243355948554,0.00028902952421487566,0,0,0,0,0,0,0,0,0,0,0,0,0,0,0,0,0,0,0.00007727228144927471,0.00003323362025979946,0.00003179649910651862,0,0,0.00003532944385641633,0,0,0.00003758691608720201,0,0,0,0,0.00003895598121909003,0,0,0,0,0,0,0,0,0,0,0,0,0,0,0,0,0,0,0,0,0,0,0,0,0,0,0,0,0,0,0,0,0,0,0,0,0,0,0,0,0,0,0,0,0,0,0,0,0,0.00021433669057047548,0,0,0,0,0,0,0,0,0,0,0,0,0,0,0,0,0,0,0,0,0,0,0,0,0,0,0,0,0,0,0,0,0,0,0,0,0,0,0,0,0,0,0,0,0,0,0,0,0,0,0,0,0,0,0,0,0,0,0,0,0,0,0,0,0,0,0,0,0,0,0,0,0,0,0,0,0,0,0,0,0,0,0,0,0,0,0,0,0,0,0,0,0,0,0,0,0,0,0,0,0,0,0,0,0,0,0,0,0,0,0,0,0,0,0,0,0,0,0,0,0,0,0,0,0,0,0,0,0,0,0,0,0,0,0,0,0,0,0,0,0,0,0.000037112635959628024,0,0,0.0010673239716446643,0,0,0,0,0,0
